Comparison between:
  Old: d:/byzip/newyork/2021-02-21/data-by-modzcta.csv
  New: d:/byzip/newyork/2021-02-22/data-by-modzcta.csv
Headers are the same

Zip codes not changed: 10004, 10006, 10017, 10069, 10464, 11697

Zip codes with changes: 10001 (7), 10002 (22), 10003 (16), 10005 (3), 10007 (1), 10009 (14), 10010 (2)
   10011 (7), 10011 (7), 10012 (7), 10013 (9), 10014 (5), 10016 (8), 10018 (1), 10019 (3), 10021 (8)
   10022 (6), 10022 (6), 10023 (6), 10024 (11), 10025 (27), 10026 (11), 10027 (5), 10028 (6)
   10029 (31), 10029 (31), 10030 (10), 10031 (25), 10032 (30), 10033 (18), 10034 (10), 10035 (12)
   10036 (3), 10036 (3), 10037 (12), 10038 (6), 10039 (8), 10040 (16), 10044 (2), 10065 (4), 10075 (3)
   10128 (9), 10128 (9), 10280 (1), 10282 (1), 10301 (13), 10302 (11), 10303 (8), 10304 (28), 10305 (24)
   10306 (23), 10306 (23), 10307 (6), 10308 (14), 10309 (10), 10310 (3), 10312 (17), 10314 (37)
   10451 (12), 10451 (12), 10452 (24), 10453 (31), 10454 (20), 10455 (14), 10456 (27), 10457 (27)
   10458 (27), 10458 (27), 10459 (21), 10460 (15), 10461 (21), 10462 (34), 10463 (20), 10465 (23)
   10466 (25), 10466 (25), 10467 (48), 10468 (23), 10469 (18), 10470 (4), 10471 (5), 10472 (15)
   10473 (14), 10473 (14), 10474 (8), 10475 (14), 11004 (4), 11101 (8), 11102 (10), 11103 (7)
   11104 (5), 11104 (5), 11105 (4), 11106 (15), 11109 (1), 11201 (9), 11203 (16), 11204 (12), 11205 (10)
   11206 (34), 11206 (34), 11207 (26), 11208 (46), 11209 (14), 11210 (12), 11211 (26), 11212 (17)
   11213 (19), 11213 (19), 11214 (38), 11215 (8), 11216 (13), 11217 (14), 11218 (20), 11219 (16)
   11220 (22), 11220 (22), 11221 (24), 11222 (6), 11223 (22), 11224 (12), 11225 (15), 11226 (37)
   11228 (6), 11228 (6), 11229 (27), 11230 (32), 11231 (8), 11232 (13), 11233 (14), 11234 (17)
   11235 (23), 11235 (23), 11236 (17), 11237 (20), 11238 (12), 11239 (3), 11354 (15), 11355 (28)
   11356 (10), 11356 (10), 11357 (12), 11358 (12), 11360 (7), 11361 (9), 11362 (1), 11363 (3)
   11364 (10), 11364 (10), 11365 (12), 11366 (5), 11367 (15), 11368 (42), 11369 (13), 11370 (13)
   11372 (17), 11372 (17), 11373 (30), 11374 (17), 11375 (19), 11377 (37), 11378 (7), 11379 (7)
   11385 (28), 11385 (28), 11411 (2), 11412 (8), 11413 (5), 11414 (10), 11415 (7), 11416 (3)
   11417 (12), 11417 (12), 11418 (14), 11419 (27), 11420 (22), 11421 (15), 11422 (13), 11423 (10)
   11426 (3), 11426 (3), 11427 (6), 11428 (4), 11429 (13), 11432 (16), 11433 (10), 11434 (10)
   11435 (14), 11435 (14), 11436 (6), 11691 (24), 11692 (7), 11693 (9), 11694 (2)
