Comparison between:
  Old: d:/byzip/newyork/2020-12-30/data-by-modzcta.csv
  New: d:/byzip/newyork/2020-12-31/data-by-modzcta.csv
Headers are the same

Zip codes not changed: 10005, 10044, 10282

Zip codes with changes: 10001 (7), 10002 (24), 10003 (14), 10004 (1), 10006 (1), 10007 (-4), 10009 (12)
   10010 (13), 10010 (13), 10011 (6), 10012 (4), 10013 (3), 10014 (6), 10016 (11), 10017 (2)
   10018 (1), 10018 (1), 10019 (12), 10021 (10), 10022 (8), 10023 (7), 10024 (13), 10025 (26)
   10026 (10), 10026 (10), 10027 (17), 10028 (10), 10029 (23), 10030 (10), 10031 (20), 10032 (29)
   10033 (34), 10033 (34), 10034 (35), 10035 (15), 10036 (14), 10037 (8), 10038 (6), 10039 (9)
   10040 (28), 10040 (28), 10065 (3), 10069 (2), 10075 (10), 10128 (21), 10280 (4), 10301 (22)
   10302 (21), 10302 (21), 10303 (22), 10304 (38), 10305 (27), 10306 (61), 10307 (6), 10308 (17)
   10309 (29), 10309 (29), 10310 (23), 10312 (59), 10314 (61), 10451 (28), 10452 (50), 10453 (40)
   10454 (14), 10454 (14), 10455 (9), 10456 (37), 10457 (30), 10458 (45), 10459 (37), 10460 (26)
   10461 (23), 10461 (23), 10462 (45), 10463 (23), 10464 (1), 10465 (23), 10466 (34), 10467 (42)
   10468 (41), 10468 (41), 10469 (21), 10470 (7), 10471 (5), 10472 (39), 10473 (23), 10474 (12)
   10475 (20), 10475 (20), 11004 (4), 11101 (5), 11102 (12), 11103 (17), 11104 (8), 11105 (6)
   11106 (14), 11106 (14), 11109 (2), 11201 (13), 11203 (30), 11204 (32), 11205 (11), 11206 (26)
   11207 (40), 11207 (40), 11208 (39), 11209 (41), 11210 (17), 11211 (17), 11212 (39), 11213 (14)
   11214 (50), 11214 (50), 11215 (12), 11216 (16), 11217 (10), 11218 (25), 11219 (52), 11220 (68)
   11221 (35), 11221 (35), 11222 (10), 11223 (36), 11224 (30), 11225 (24), 11226 (29), 11228 (35)
   11229 (66), 11229 (66), 11230 (48), 11231 (7), 11232 (18), 11233 (20), 11234 (34), 11235 (64)
   11236 (47), 11236 (47), 11237 (15), 11238 (18), 11239 (8), 11354 (21), 11355 (40), 11356 (13)
   11357 (18), 11357 (18), 11358 (22), 11360 (9), 11361 (7), 11362 (8), 11363 (1), 11364 (17)
   11365 (26), 11365 (26), 11366 (6), 11367 (27), 11368 (45), 11369 (17), 11370 (7), 11372 (11)
   11373 (35), 11373 (35), 11374 (27), 11375 (41), 11377 (42), 11378 (16), 11379 (31), 11385 (58)
   11411 (11), 11411 (11), 11412 (20), 11413 (10), 11414 (22), 11415 (14), 11416 (15), 11417 (20)
   11418 (11), 11418 (11), 11419 (54), 11420 (36), 11421 (-3), 11422 (15), 11423 (15), 11426 (5)
   11427 (17), 11427 (17), 11428 (4), 11429 (11), 11432 (31), 11433 (8), 11434 (13), 11435 (34)
   11436 (13), 11436 (13), 11691 (25), 11692 (15), 11693 (5), 11694 (8), 11697 (3)
