Comparison between:
  Old: d:/byzip/newyork/2020-11-07/data-by-modzcta.csv
  New: d:/byzip/newyork/2020-11-08/data-by-modzcta.csv
Headers are the same

Zip codes not changed: 10003, 10005, 10006, 10013, 10069, 10310, 10459, 11234, 11237, 11356
   11361, 11361, 11363, 11365, 11385, 11411, 11412, 11413, 11419, 11692, 11697

Zip codes with changes: 10001 (-2), 10002 (2), 10004 (-1), 10007 (-2), 10009 (-1), 10010 (2)
   10011 (2), 10011 (2), 10012 (1), 10014 (1), 10016 (4), 10017 (3), 10018 (58), 10019 (2), 10021 (-1)
   10022 (2), 10022 (2), 10023 (3), 10024 (12), 10025 (7), 10026 (4), 10027 (8), 10028 (2), 10029 (6)
   10030 (3), 10030 (3), 10031 (1), 10032 (7), 10033 (9), 10034 (5), 10035 (8), 10036 (1), 10037 (1)
   10038 (-3), 10038 (-3), 10039 (1), 10040 (11), 10044 (2), 10065 (5), 10075 (4), 10128 (4)
   10280 (-1), 10280 (-1), 10282 (-3), 10301 (2), 10302 (2), 10303 (1), 10304 (11), 10305 (7)
   10306 (11), 10306 (11), 10307 (10), 10308 (6), 10309 (-2), 10312 (7), 10314 (14), 10451 (6)
   10452 (16), 10452 (16), 10453 (2), 10454 (7), 10455 (7), 10456 (11), 10457 (11), 10458 (12)
   10460 (9), 10460 (9), 10461 (6), 10462 (9), 10463 (8), 10464 (-1), 10465 (6), 10466 (2), 10467 (5)
   10468 (6), 10468 (6), 10469 (7), 10470 (1), 10471 (3), 10472 (1), 10473 (9), 10474 (2), 10475 (9)
   11004 (-2), 11004 (-2), 11101 (3), 11102 (2), 11103 (-1), 11104 (-3), 11105 (8), 11106 (3)
   11109 (1), 11109 (1), 11201 (1), 11203 (4), 11204 (9), 11205 (5), 11206 (14), 11207 (6), 11208 (16)
   11209 (-1), 11209 (-1), 11210 (4), 11211 (18), 11212 (3), 11213 (8), 11214 (2), 11215 (2)
   11216 (5), 11216 (5), 11217 (1), 11218 (10), 11219 (16), 11220 (3), 11221 (6), 11222 (1), 11223 (16)
   11224 (3), 11224 (3), 11225 (4), 11226 (8), 11228 (5), 11229 (9), 11230 (10), 11231 (3), 11232 (1)
   11233 (2), 11233 (2), 11235 (6), 11236 (-3), 11238 (4), 11239 (2), 11354 (1), 11355 (6), 11357 (1)
   11358 (-2), 11358 (-2), 11360 (1), 11362 (2), 11364 (4), 11366 (1), 11367 (4), 11368 (6), 11369 (5)
   11370 (4), 11370 (4), 11372 (1), 11373 (11), 11374 (12), 11375 (3), 11377 (17), 11378 (2)
   11379 (4), 11379 (4), 11414 (1), 11415 (2), 11416 (7), 11417 (3), 11418 (12), 11420 (7), 11421 (5)
   11422 (1), 11422 (1), 11423 (3), 11426 (-2), 11427 (4), 11428 (3), 11429 (3), 11432 (4), 11433 (5)
   11434 (2), 11434 (2), 11435 (1), 11436 (4), 11691 (7), 11693 (3), 11694 (2)
