Comparison between:
  Old: d:/byzip/newyork/2020-10-31/data-by-modzcta.csv
  New: d:/byzip/newyork/2020-11-01/data-by-modzcta.csv
Headers are the same

Zip codes not changed: 10004, 10005, 10006, 10017, 10018, 10026, 10069, 10306, 10464, 11105
   11109, 11109, 11228, 11239, 11363, 11366, 11415, 11429, 11436, 11692, 11693, 11697

Zip codes with changes: 10001 (1), 10002 (1), 10003 (3), 10007 (1), 10009 (5), 10010 (2), 10011 (7)
   10012 (2), 10012 (2), 10013 (3), 10014 (3), 10016 (4), 10019 (1), 10021 (2), 10022 (4), 10023 (1)
   10024 (2), 10024 (2), 10025 (5), 10027 (3), 10028 (3), 10029 (7), 10030 (1), 10031 (8), 10032 (2)
   10033 (7), 10033 (7), 10034 (4), 10035 (1), 10036 (1), 10037 (1), 10038 (1), 10039 (1), 10040 (1)
   10044 (2), 10044 (2), 10065 (-1), 10075 (3), 10128 (10), 10280 (1), 10282 (1), 10301 (3), 10302 (3)
   10303 (1), 10303 (1), 10304 (9), 10305 (8), 10307 (-1), 10308 (4), 10309 (2), 10310 (4), 10312 (7)
   10314 (8), 10314 (8), 10451 (3), 10452 (7), 10453 (6), 10454 (7), 10455 (6), 10456 (7), 10457 (3)
   10458 (8), 10458 (8), 10459 (13), 10460 (5), 10461 (2), 10462 (10), 10463 (3), 10465 (5), 10466 (5)
   10467 (6), 10467 (6), 10468 (2), 10469 (4), 10470 (1), 10471 (2), 10472 (4), 10473 (6), 10474 (1)
   10475 (3), 10475 (3), 11004 (3), 11101 (5), 11102 (5), 11103 (5), 11104 (8), 11106 (6), 11201 (1)
   11203 (5), 11203 (5), 11204 (6), 11205 (2), 11206 (4), 11207 (4), 11208 (3), 11209 (2), 11210 (2)
   11211 (12), 11211 (12), 11212 (11), 11213 (1), 11214 (6), 11215 (6), 11216 (3), 11217 (2)
   11218 (7), 11218 (7), 11219 (7), 11220 (6), 11221 (3), 11222 (1), 11223 (9), 11224 (8), 11225 (5)
   11226 (10), 11226 (10), 11229 (9), 11230 (9), 11231 (1), 11232 (4), 11233 (5), 11234 (3), 11235 (5)
   11236 (8), 11236 (8), 11237 (3), 11238 (3), 11354 (1), 11355 (2), 11356 (2), 11357 (2), 11358 (4)
   11360 (1), 11360 (1), 11361 (2), 11362 (-1), 11364 (3), 11365 (-1), 11367 (5), 11368 (6), 11369 (2)
   11370 (2), 11370 (2), 11372 (4), 11373 (4), 11374 (1), 11375 (5), 11377 (4), 11378 (6), 11379 (2)
   11385 (10), 11385 (10), 11411 (1), 11412 (3), 11413 (2), 11414 (1), 11416 (4), 11417 (4), 11418 (1)
   11419 (1), 11419 (1), 11420 (4), 11421 (2), 11422 (1), 11423 (1), 11426 (2), 11427 (1), 11428 (2)
   11432 (4), 11432 (4), 11433 (1), 11434 (1), 11435 (3), 11691 (1), 11694 (-1)
