Comparison between:
  Old: d:/byzip/newyork/2020-09-23/data-by-modzcta.csv
  New: d:/byzip/newyork/2020-09-24/data-by-modzcta.csv
Headers are the same
Old file does not have a record for zip 11096. New does.

Zip codes not changed: 10004, 10006, 10009, 10010, 10012, 10013, 10016, 10017, 10019, 10022
   10028, 10028, 10029, 10032, 10034, 10035, 10037, 10038, 10039, 10044, 10069, 10128, 10280
   10282, 10282, 10302, 10303, 10305, 10454, 10455, 10464, 10471, 10474, 11105, 11109, 11217
   11231, 11231, 11232, 11233, 11239, 11356, 11360, 11361, 11362, 11363, 11378, 11412, 11413
   11416, 11416, 11420, 11421, 11422, 11423, 11426, 11428, 11429, 11436, 11692, 11693, 11694
   11697, 11697

Zip codes with changes: 10001 (1), 10002 (4), 10003 (1), 10005 (1), 10007 (1), 10011 (1), 10014 (2)
   10018 (4), 10018 (4), 10021 (1), 10023 (4), 10024 (4), 10025 (1), 10026 (1), 10027 (3), 10030 (1)
   10031 (2), 10031 (2), 10033 (4), 10036 (2), 10040 (1), 10065 (1), 10075 (2), 10301 (2), 10304 (1)
   10306 (4), 10306 (4), 10307 (1), 10308 (2), 10309 (1), 10310 (4), 10312 (4), 10314 (3), 10451 (2)
   10452 (4), 10452 (4), 10453 (3), 10456 (4), 10457 (5), 10458 (6), 10459 (2), 10460 (1), 10461 (2)
   10462 (4), 10462 (4), 10463 (3), 10465 (1), 10466 (2), 10467 (3), 10468 (2), 10469 (-2), 10470 (-1)
   10472 (1), 10472 (1), 10473 (3), 10475 (5), 11004 (1), 11101 (2), 11102 (1), 11103 (1), 11104 (1)
   11106 (2), 11106 (2), 11201 (1), 11203 (2), 11204 (10), 11205 (1), 11206 (2), 11207 (4), 11208 (1)
   11209 (2), 11209 (2), 11210 (8), 11211 (11), 11212 (4), 11213 (8), 11214 (3), 11215 (1), 11216 (3)
   11218 (6), 11218 (6), 11219 (17), 11220 (2), 11221 (1), 11222 (1), 11223 (31), 11224 (2), 11225 (2)
   11226 (4), 11226 (4), 11228 (2), 11229 (6), 11230 (25), 11234 (6), 11235 (6), 11236 (2), 11237 (1)
   11238 (-2), 11238 (-2), 11354 (1), 11355 (2), 11357 (1), 11358 (3), 11364 (1), 11365 (4), 11366 (1)
   11367 (6), 11367 (6), 11368 (2), 11369 (1), 11370 (2), 11372 (1), 11373 (5), 11374 (8), 11375 (5)
   11377 (3), 11377 (3), 11379 (1), 11385 (2), 11411 (2), 11414 (2), 11415 (1), 11417 (2), 11418 (3)
   11419 (1), 11419 (1), 11427 (2), 11432 (4), 11433 (1), 11434 (2), 11435 (3), 11691 (11)
