Comparison between:
  Old: d:/byzip/newyork/2020-10-10/data-by-modzcta.csv
  New: d:/byzip/newyork/2020-10-11/data-by-modzcta.csv
Headers are the same

Zip codes not changed: 10001, 10002, 10004, 10005, 10006, 10007, 10010, 10011, 10013, 10016
   10017, 10017, 10018, 10019, 10022, 10026, 10028, 10030, 10031, 10035, 10036, 10037, 10038
   10044, 10044, 10065, 10069, 10280, 10282, 10303, 10308, 10454, 10464, 10470, 10471, 10474
   11104, 11104, 11105, 11109, 11203, 11222, 11356, 11358, 11360, 11363, 11411, 11414, 11422
   11423, 11423, 11426, 11427, 11428, 11433, 11436, 11692, 11693, 11697

Zip codes with changes: 10003 (1), 10009 (3), 10012 (2), 10014 (1), 10021 (3), 10023 (1), 10024 (2)
   10025 (1), 10025 (1), 10027 (3), 10029 (4), 10032 (3), 10033 (4), 10034 (3), 10039 (2), 10040 (1)
   10075 (2), 10075 (2), 10128 (2), 10301 (4), 10302 (1), 10304 (3), 10305 (6), 10306 (4), 10307 (3)
   10309 (1), 10309 (1), 10310 (3), 10312 (9), 10314 (15), 10451 (4), 10452 (7), 10453 (5), 10455 (3)
   10456 (2), 10456 (2), 10457 (10), 10458 (4), 10459 (6), 10460 (3), 10461 (1), 10462 (3), 10463 (3)
   10465 (-1), 10465 (-1), 10466 (-1), 10467 (8), 10468 (7), 10469 (5), 10472 (3), 10473 (4)
   10475 (2), 10475 (2), 11004 (1), 11101 (2), 11102 (4), 11103 (3), 11106 (5), 11201 (2), 11204 (8)
   11205 (3), 11205 (3), 11206 (7), 11207 (5), 11208 (3), 11209 (2), 11210 (12), 11211 (13), 11212 (6)
   11213 (1), 11213 (1), 11214 (3), 11215 (3), 11216 (3), 11217 (5), 11218 (14), 11219 (21), 11220 (7)
   11221 (1), 11221 (1), 11223 (13), 11224 (8), 11225 (3), 11226 (3), 11228 (2), 11229 (5), 11230 (23)
   11231 (2), 11231 (2), 11232 (1), 11233 (2), 11234 (3), 11235 (11), 11236 (4), 11237 (1), 11238 (1)
   11239 (1), 11239 (1), 11354 (2), 11355 (1), 11357 (4), 11361 (2), 11362 (1), 11364 (1), 11365 (2)
   11366 (3), 11366 (3), 11367 (4), 11368 (4), 11369 (1), 11370 (1), 11372 (5), 11373 (5), 11374 (4)
   11375 (7), 11375 (7), 11377 (2), 11378 (-1), 11379 (3), 11385 (6), 11412 (1), 11413 (1), 11415 (1)
   11416 (1), 11416 (1), 11417 (2), 11418 (2), 11419 (5), 11420 (2), 11421 (1), 11429 (3), 11432 (9)
   11434 (-1), 11434 (-1), 11435 (3), 11691 (11), 11694 (3)
