Comparison between:
  Old: d:/byzip/newyork/2021-02-12/data-by-modzcta.csv
  New: d:/byzip/newyork/2021-02-13/data-by-modzcta.csv
Headers are the same

Zip codes not changed: 10006, 10018

Zip codes with changes: 10001 (7), 10002 (37), 10003 (12), 10004 (2), 10005 (2), 10007 (3), 10009 (27)
   10010 (5), 10010 (5), 10011 (11), 10012 (5), 10013 (15), 10014 (10), 10016 (21), 10017 (6)
   10019 (7), 10019 (7), 10021 (8), 10022 (9), 10023 (23), 10024 (15), 10025 (31), 10026 (14)
   10027 (27), 10027 (27), 10028 (13), 10029 (28), 10030 (8), 10031 (30), 10032 (17), 10033 (16)
   10034 (10), 10034 (10), 10035 (17), 10036 (6), 10037 (10), 10038 (6), 10039 (21), 10040 (22)
   10044 (1), 10044 (1), 10065 (5), 10069 (1), 10075 (15), 10128 (17), 10280 (2), 10282 (1), 10301 (28)
   10302 (9), 10302 (9), 10303 (14), 10304 (26), 10305 (34), 10306 (30), 10307 (10), 10308 (12)
   10309 (19), 10309 (19), 10310 (14), 10312 (22), 10314 (20), 10451 (24), 10452 (56), 10453 (53)
   10454 (25), 10454 (25), 10455 (23), 10456 (48), 10457 (35), 10458 (54), 10459 (35), 10460 (29)
   10461 (27), 10461 (27), 10462 (49), 10463 (40), 10464 (1), 10465 (17), 10466 (35), 10467 (64)
   10468 (62), 10468 (62), 10469 (30), 10470 (11), 10471 (18), 10472 (39), 10473 (32), 10474 (9)
   10475 (17), 10475 (17), 11004 (3), 11101 (16), 11102 (15), 11103 (12), 11104 (11), 11105 (9)
   11106 (20), 11106 (20), 11109 (3), 11201 (13), 11203 (29), 11204 (45), 11205 (19), 11206 (50)
   11207 (40), 11207 (40), 11208 (55), 11209 (25), 11210 (13), 11211 (27), 11212 (47), 11213 (23)
   11214 (45), 11214 (45), 11215 (19), 11216 (27), 11217 (11), 11218 (24), 11219 (17), 11220 (19)
   11221 (25), 11221 (25), 11222 (11), 11223 (28), 11224 (29), 11225 (19), 11226 (27), 11228 (17)
   11229 (50), 11229 (50), 11230 (43), 11231 (11), 11232 (7), 11233 (25), 11234 (32), 11235 (58)
   11236 (30), 11236 (30), 11237 (17), 11238 (22), 11239 (5), 11354 (21), 11355 (50), 11356 (15)
   11357 (11), 11357 (11), 11358 (8), 11360 (6), 11361 (8), 11362 (2), 11363 (1), 11364 (8), 11365 (11)
   11366 (2), 11366 (2), 11367 (9), 11368 (43), 11369 (29), 11370 (5), 11372 (13), 11373 (48)
   11374 (18), 11374 (18), 11375 (24), 11377 (31), 11378 (10), 11379 (18), 11385 (46), 11411 (5)
   11412 (13), 11412 (13), 11413 (10), 11414 (9), 11415 (6), 11416 (14), 11417 (18), 11418 (7)
   11419 (32), 11419 (32), 11420 (24), 11421 (30), 11422 (5), 11423 (13), 11426 (8), 11427 (20)
   11428 (7), 11428 (7), 11429 (8), 11432 (34), 11433 (13), 11434 (26), 11435 (29), 11436 (7)
   11691 (27), 11691 (27), 11692 (5), 11693 (1), 11694 (13), 11697 (1)
