Comparison between:
  Old: d:/byzip/newyork/2020-12-11/data-by-modzcta.csv
  New: d:/byzip/newyork/2020-12-12/data-by-modzcta.csv
Headers are the same

Zip codes not changed: 10007, 10069, 10280, 11363

Zip codes with changes: 10001 (2), 10002 (50), 10003 (10), 10004 (3), 10005 (3), 10006 (1), 10009 (22)
   10010 (13), 10010 (13), 10011 (17), 10012 (11), 10013 (6), 10014 (6), 10016 (25), 10017 (5)
   10018 (3), 10018 (3), 10019 (11), 10021 (7), 10022 (5), 10023 (12), 10024 (11), 10025 (24)
   10026 (4), 10026 (4), 10027 (11), 10028 (6), 10029 (32), 10030 (14), 10031 (22), 10032 (33)
   10033 (18), 10033 (18), 10034 (15), 10035 (17), 10036 (10), 10037 (8), 10038 (10), 10039 (8)
   10040 (20), 10040 (20), 10044 (2), 10065 (7), 10075 (6), 10128 (14), 10282 (2), 10301 (19)
   10302 (6), 10302 (6), 10303 (7), 10304 (18), 10305 (30), 10306 (34), 10307 (9), 10308 (10)
   10309 (24), 10309 (24), 10310 (11), 10312 (40), 10314 (55), 10451 (13), 10452 (24), 10453 (30)
   10454 (17), 10454 (17), 10455 (13), 10456 (21), 10457 (17), 10458 (35), 10459 (14), 10460 (18)
   10461 (21), 10461 (21), 10462 (22), 10463 (23), 10464 (2), 10465 (25), 10466 (10), 10467 (24)
   10468 (36), 10468 (36), 10469 (18), 10470 (3), 10471 (10), 10472 (21), 10473 (22), 10474 (4)
   10475 (4), 10475 (4), 11004 (6), 11101 (11), 11102 (12), 11103 (14), 11104 (11), 11105 (9)
   11106 (16), 11106 (16), 11109 (2), 11201 (11), 11203 (34), 11204 (29), 11205 (10), 11206 (36)
   11207 (36), 11207 (36), 11208 (38), 11209 (41), 11210 (42), 11211 (22), 11212 (26), 11213 (18)
   11214 (26), 11214 (26), 11215 (21), 11216 (20), 11217 (7), 11218 (29), 11219 (21), 11220 (49)
   11221 (26), 11221 (26), 11222 (12), 11223 (55), 11224 (21), 11225 (21), 11226 (38), 11228 (23)
   11229 (65), 11229 (65), 11230 (76), 11231 (16), 11232 (15), 11233 (17), 11234 (25), 11235 (32)
   11236 (29), 11236 (29), 11237 (18), 11238 (18), 11239 (4), 11354 (18), 11355 (45), 11356 (1)
   11357 (24), 11357 (24), 11358 (8), 11360 (3), 11361 (5), 11362 (2), 11364 (12), 11365 (8)
   11366 (4), 11366 (4), 11367 (13), 11368 (45), 11369 (14), 11370 (11), 11372 (18), 11373 (42)
   11374 (22), 11374 (22), 11375 (23), 11377 (50), 11378 (23), 11379 (18), 11385 (43), 11411 (6)
   11412 (7), 11412 (7), 11413 (15), 11414 (4), 11415 (7), 11416 (12), 11417 (23), 11418 (24)
   11419 (22), 11419 (22), 11420 (17), 11421 (20), 11422 (9), 11423 (13), 11426 (5), 11427 (7)
   11428 (8), 11428 (8), 11429 (11), 11432 (36), 11433 (19), 11434 (18), 11435 (22), 11436 (11)
   11691 (20), 11691 (20), 11692 (9), 11693 (4), 11694 (11), 11697 (1)
