Comparison between:
  Old: d:/byzip/newyork/2020-11-29/data-by-modzcta.csv
  New: d:/byzip/newyork/2020-11-30/data-by-modzcta.csv
Headers are the same

Zip codes not changed: 10004, 10005, 10006, 10280, 10282, 10464, 11239, 11693

Zip codes with changes: 10001 (7), 10002 (16), 10003 (11), 10007 (3), 10009 (18), 10010 (9)
   10011 (6), 10011 (6), 10012 (5), 10013 (4), 10014 (8), 10016 (10), 10017 (2), 10018 (5), 10019 (10)
   10021 (11), 10021 (11), 10022 (4), 10023 (15), 10024 (9), 10025 (23), 10026 (6), 10027 (8)
   10028 (7), 10028 (7), 10029 (12), 10030 (5), 10031 (15), 10032 (23), 10033 (18), 10034 (10)
   10035 (4), 10035 (4), 10036 (11), 10037 (3), 10038 (7), 10039 (3), 10040 (15), 10044 (3), 10065 (2)
   10069 (3), 10069 (3), 10075 (4), 10128 (7), 10301 (12), 10302 (6), 10303 (11), 10304 (24), 10305 (31)
   10306 (56), 10306 (56), 10307 (6), 10308 (15), 10309 (8), 10310 (16), 10312 (31), 10314 (34)
   10451 (9), 10451 (9), 10452 (28), 10453 (26), 10454 (8), 10455 (10), 10456 (15), 10457 (24)
   10458 (10), 10458 (10), 10459 (19), 10460 (21), 10461 (16), 10462 (23), 10463 (22), 10465 (22)
   10466 (6), 10466 (6), 10467 (9), 10468 (18), 10469 (12), 10470 (1), 10471 (7), 10472 (11), 10473 (18)
   10474 (3), 10474 (3), 10475 (5), 11004 (4), 11101 (10), 11102 (11), 11103 (9), 11104 (8), 11105 (5)
   11106 (9), 11106 (9), 11109 (1), 11201 (7), 11203 (9), 11204 (20), 11205 (9), 11206 (13), 11207 (29)
   11208 (32), 11208 (32), 11209 (18), 11210 (20), 11211 (25), 11212 (8), 11213 (9), 11214 (24)
   11215 (10), 11215 (10), 11216 (7), 11217 (6), 11218 (13), 11219 (27), 11220 (28), 11221 (10)
   11222 (4), 11222 (4), 11223 (28), 11224 (6), 11225 (7), 11226 (11), 11228 (12), 11229 (21)
   11230 (33), 11230 (33), 11231 (8), 11232 (9), 11233 (16), 11234 (10), 11235 (22), 11236 (9)
   11237 (7), 11237 (7), 11238 (8), 11354 (10), 11355 (25), 11356 (8), 11357 (13), 11358 (12)
   11360 (1), 11360 (1), 11361 (4), 11362 (3), 11363 (1), 11364 (13), 11365 (14), 11366 (8), 11367 (13)
   11368 (26), 11368 (26), 11369 (17), 11370 (11), 11372 (28), 11373 (26), 11374 (9), 11375 (15)
   11377 (18), 11377 (18), 11378 (12), 11379 (6), 11385 (29), 11411 (4), 11412 (14), 11413 (13)
   11414 (-1), 11414 (-1), 11415 (4), 11416 (9), 11417 (11), 11418 (16), 11419 (20), 11420 (18)
   11421 (5), 11421 (5), 11422 (5), 11423 (6), 11426 (5), 11427 (3), 11428 (8), 11429 (8), 11432 (19)
   11433 (2), 11433 (2), 11434 (12), 11435 (15), 11436 (9), 11691 (22), 11692 (1), 11694 (14)
   11697 (5), 11697 (5)
