Comparison between:
  Old: d:/byzip/newyork/2020-11-12/data-by-modzcta.csv
  New: d:/byzip/newyork/2020-11-13/data-by-modzcta.csv
Headers are the same

Zip codes not changed: 10004, 10006, 10007, 10018, 10037, 10044, 10282, 10464, 11109, 11362
   11363, 11363, 11411, 11426, 11436, 11692

Zip codes with changes: 10001 (3), 10002 (6), 10003 (8), 10005 (1), 10009 (10), 10010 (4), 10011 (7)
   10012 (8), 10012 (8), 10013 (4), 10014 (3), 10016 (9), 10017 (1), 10019 (2), 10021 (6), 10022 (7)
   10023 (8), 10023 (8), 10024 (5), 10025 (11), 10026 (5), 10027 (8), 10028 (5), 10029 (4), 10030 (1)
   10031 (11), 10031 (11), 10032 (15), 10033 (14), 10034 (7), 10035 (9), 10036 (2), 10038 (2)
   10039 (3), 10039 (3), 10040 (5), 10065 (1), 10069 (1), 10075 (1), 10128 (3), 10280 (1), 10301 (12)
   10302 (4), 10302 (4), 10303 (12), 10304 (10), 10305 (6), 10306 (11), 10307 (4), 10308 (6)
   10309 (6), 10309 (6), 10310 (7), 10312 (12), 10314 (11), 10451 (2), 10452 (8), 10453 (11), 10454 (2)
   10455 (7), 10455 (7), 10456 (18), 10457 (12), 10458 (15), 10459 (4), 10460 (7), 10461 (6)
   10462 (7), 10462 (7), 10463 (8), 10465 (5), 10466 (8), 10467 (13), 10468 (14), 10469 (8), 10470 (3)
   10471 (3), 10471 (3), 10472 (11), 10473 (12), 10474 (1), 10475 (3), 11004 (3), 11101 (5), 11102 (6)
   11103 (4), 11103 (4), 11104 (5), 11105 (5), 11106 (4), 11201 (4), 11203 (7), 11204 (16), 11205 (4)
   11206 (5), 11206 (5), 11207 (9), 11208 (11), 11209 (14), 11210 (21), 11211 (18), 11212 (8)
   11213 (15), 11213 (15), 11214 (14), 11215 (7), 11216 (4), 11217 (2), 11218 (12), 11219 (22)
   11220 (10), 11220 (10), 11221 (12), 11222 (1), 11223 (6), 11224 (3), 11225 (3), 11226 (6)
   11228 (2), 11228 (2), 11229 (15), 11230 (15), 11231 (3), 11232 (4), 11233 (11), 11234 (16)
   11235 (13), 11235 (13), 11236 (9), 11237 (9), 11238 (7), 11239 (3), 11354 (3), 11355 (8), 11356 (1)
   11357 (3), 11357 (3), 11358 (1), 11360 (1), 11361 (2), 11364 (2), 11365 (6), 11366 (3), 11367 (4)
   11368 (19), 11368 (19), 11369 (6), 11370 (7), 11372 (13), 11373 (20), 11374 (12), 11375 (15)
   11377 (16), 11377 (16), 11378 (2), 11379 (5), 11385 (26), 11412 (4), 11413 (1), 11414 (4)
   11415 (2), 11415 (2), 11416 (7), 11417 (3), 11418 (7), 11419 (7), 11420 (8), 11421 (2), 11422 (4)
   11423 (3), 11423 (3), 11427 (2), 11428 (1), 11429 (3), 11432 (7), 11433 (3), 11434 (13), 11435 (7)
   11691 (8), 11691 (8), 11693 (4), 11694 (10), 11697 (1)
