Comparison between:
  Old: d:/byzip/newyork/2021-03-03/data-by-modzcta.csv
  New: d:/byzip/newyork/2021-03-04/data-by-modzcta.csv
Headers are the same

Zip codes not changed: 10004, 10006, 10044, 10280, 10282, 10464

Zip codes with changes: 10001 (10), 10002 (33), 10003 (12), 10005 (2), 10007 (4), 10009 (16)
   10010 (9), 10010 (9), 10011 (11), 10012 (2), 10013 (7), 10014 (8), 10016 (7), 10017 (3), 10018 (1)
   10019 (7), 10019 (7), 10021 (13), 10022 (7), 10023 (5), 10024 (14), 10025 (20), 10026 (20)
   10027 (23), 10027 (23), 10028 (10), 10029 (32), 10030 (14), 10031 (18), 10032 (21), 10033 (20)
   10034 (20), 10034 (20), 10035 (24), 10036 (3), 10037 (6), 10038 (3), 10039 (6), 10040 (22)
   10065 (3), 10065 (3), 10069 (3), 10075 (8), 10128 (11), 10301 (11), 10302 (10), 10303 (6)
   10304 (24), 10304 (24), 10305 (24), 10306 (30), 10307 (4), 10308 (18), 10309 (18), 10310 (8)
   10312 (30), 10312 (30), 10314 (24), 10451 (22), 10452 (48), 10453 (34), 10454 (18), 10455 (14)
   10456 (35), 10456 (35), 10457 (28), 10458 (27), 10459 (38), 10460 (39), 10461 (12), 10462 (29)
   10463 (20), 10463 (20), 10465 (19), 10466 (22), 10467 (37), 10468 (25), 10469 (23), 10470 (4)
   10471 (4), 10471 (4), 10472 (36), 10473 (26), 10474 (5), 10475 (12), 11004 (6), 11101 (3)
   11102 (7), 11102 (7), 11103 (14), 11104 (11), 11105 (11), 11106 (11), 11109 (2), 11201 (10)
   11203 (19), 11203 (19), 11204 (33), 11205 (9), 11206 (18), 11207 (33), 11208 (38), 11209 (18)
   11210 (17), 11210 (17), 11211 (42), 11212 (34), 11213 (32), 11214 (32), 11215 (6), 11216 (14)
   11217 (9), 11217 (9), 11218 (19), 11219 (30), 11220 (37), 11221 (23), 11222 (10), 11223 (47)
   11224 (44), 11224 (44), 11225 (14), 11226 (18), 11228 (20), 11229 (60), 11230 (55), 11231 (4)
   11232 (11), 11232 (11), 11233 (27), 11234 (24), 11235 (48), 11236 (40), 11237 (23), 11238 (15)
   11239 (3), 11239 (3), 11354 (21), 11355 (52), 11356 (14), 11357 (18), 11358 (13), 11360 (5)
   11361 (9), 11361 (9), 11362 (1), 11363 (1), 11364 (7), 11365 (7), 11366 (6), 11367 (16), 11368 (40)
   11369 (11), 11369 (11), 11370 (10), 11372 (26), 11373 (36), 11374 (20), 11375 (19), 11377 (35)
   11378 (14), 11378 (14), 11379 (14), 11385 (45), 11411 (3), 11412 (16), 11413 (8), 11414 (2)
   11415 (2), 11415 (2), 11416 (7), 11417 (12), 11418 (18), 11419 (27), 11420 (29), 11421 (14)
   11422 (10), 11422 (10), 11423 (10), 11426 (7), 11427 (6), 11428 (7), 11429 (8), 11432 (14)
   11433 (14), 11433 (14), 11434 (8), 11435 (21), 11436 (11), 11691 (21), 11692 (5), 11693 (3)
   11694 (13), 11694 (13), 11697 (1)
