Comparison between:
  Old: d:/byzip/newyork/2020-12-09/data-by-modzcta.csv
  New: d:/byzip/newyork/2020-12-10/data-by-modzcta.csv
Headers are the same

Zip codes not changed: 10006, 10069, 10282, 11363

Zip codes with changes: 10001 (6), 10002 (18), 10003 (6), 10004 (1), 10005 (3), 10007 (1), 10009 (6)
   10010 (1), 10010 (1), 10011 (5), 10012 (2), 10013 (3), 10014 (5), 10016 (15), 10017 (4), 10018 (3)
   10019 (7), 10019 (7), 10021 (9), 10022 (6), 10023 (7), 10024 (10), 10025 (16), 10026 (8), 10027 (14)
   10028 (10), 10028 (10), 10029 (19), 10030 (5), 10031 (14), 10032 (21), 10033 (20), 10034 (13)
   10035 (7), 10035 (7), 10036 (7), 10037 (4), 10038 (3), 10039 (8), 10040 (14), 10044 (2), 10065 (6)
   10075 (3), 10075 (3), 10128 (4), 10280 (1), 10301 (24), 10302 (10), 10303 (13), 10304 (12)
   10305 (27), 10305 (27), 10306 (27), 10307 (6), 10308 (31), 10309 (7), 10310 (9), 10312 (49)
   10314 (54), 10314 (54), 10451 (8), 10452 (36), 10453 (30), 10454 (15), 10455 (16), 10456 (24)
   10457 (27), 10457 (27), 10458 (27), 10459 (7), 10460 (18), 10461 (15), 10462 (25), 10463 (31)
   10464 (2), 10464 (2), 10465 (11), 10466 (11), 10467 (27), 10468 (26), 10469 (17), 10470 (5)
   10471 (4), 10471 (4), 10472 (17), 10473 (15), 10474 (5), 10475 (3), 11004 (6), 11101 (14), 11102 (7)
   11103 (12), 11103 (12), 11104 (4), 11105 (11), 11106 (10), 11109 (2), 11201 (15), 11203 (7)
   11204 (37), 11204 (37), 11205 (13), 11206 (19), 11207 (22), 11208 (40), 11209 (14), 11210 (25)
   11211 (29), 11211 (29), 11212 (22), 11213 (7), 11214 (33), 11215 (11), 11216 (7), 11217 (7)
   11218 (18), 11218 (18), 11219 (22), 11220 (30), 11221 (35), 11222 (9), 11223 (47), 11224 (13)
   11225 (11), 11225 (11), 11226 (20), 11228 (12), 11229 (32), 11230 (59), 11231 (2), 11232 (41)
   11233 (12), 11233 (12), 11234 (32), 11235 (34), 11236 (23), 11237 (12), 11238 (4), 11239 (3)
   11354 (12), 11354 (12), 11355 (26), 11356 (4), 11357 (16), 11358 (15), 11360 (6), 11361 (10)
   11362 (4), 11362 (4), 11364 (9), 11365 (14), 11366 (9), 11367 (14), 11368 (42), 11369 (11)
   11370 (14), 11370 (14), 11372 (26), 11373 (26), 11374 (9), 11375 (19), 11377 (29), 11378 (10)
   11379 (15), 11379 (15), 11385 (23), 11411 (6), 11412 (9), 11413 (6), 11414 (18), 11415 (10)
   11416 (12), 11416 (12), 11417 (29), 11418 (15), 11419 (22), 11420 (14), 11421 (20), 11422 (11)
   11423 (12), 11423 (12), 11426 (1), 11427 (3), 11428 (10), 11429 (11), 11432 (28), 11433 (10)
   11434 (15), 11434 (15), 11435 (12), 11436 (9), 11691 (26), 11692 (4), 11693 (4), 11694 (5)
   11697 (1), 11697 (1)
