Comparison between:
  Old: d:/byzip/newyork/2021-01-20/data-by-modzcta.csv
  New: d:/byzip/newyork/2021-01-21/data-by-modzcta.csv
Headers are the same

Zip codes not changed: 10005, 10280, 10282, 10474

Zip codes with changes: 10001 (5), 10002 (45), 10003 (21), 10004 (3), 10006 (1), 10007 (4), 10009 (20)
   10010 (12), 10010 (12), 10011 (19), 10012 (12), 10013 (13), 10014 (6), 10016 (14), 10017 (2)
   10018 (5), 10018 (5), 10019 (15), 10021 (10), 10022 (7), 10023 (18), 10024 (13), 10025 (22)
   10026 (10), 10026 (10), 10027 (21), 10028 (4), 10029 (27), 10030 (4), 10031 (16), 10032 (28)
   10033 (24), 10033 (24), 10034 (16), 10035 (17), 10036 (10), 10037 (8), 10038 (8), 10039 (5)
   10040 (37), 10040 (37), 10044 (3), 10065 (10), 10069 (2), 10075 (4), 10128 (16), 10301 (28)
   10302 (12), 10302 (12), 10303 (8), 10304 (37), 10305 (43), 10306 (48), 10307 (9), 10308 (32)
   10309 (26), 10309 (26), 10310 (13), 10312 (50), 10314 (42), 10451 (18), 10452 (41), 10453 (44)
   10454 (20), 10454 (20), 10455 (13), 10456 (30), 10457 (43), 10458 (44), 10459 (27), 10460 (28)
   10461 (28), 10461 (28), 10462 (42), 10463 (30), 10464 (7), 10465 (40), 10466 (38), 10467 (54)
   10468 (57), 10468 (57), 10469 (35), 10470 (10), 10471 (20), 10472 (37), 10473 (35), 10475 (25)
   11004 (13), 11004 (13), 11101 (15), 11102 (11), 11103 (4), 11104 (7), 11105 (12), 11106 (15)
   11109 (5), 11109 (5), 11201 (8), 11203 (22), 11204 (51), 11205 (17), 11206 (31), 11207 (47)
   11208 (74), 11208 (74), 11209 (35), 11210 (23), 11211 (47), 11212 (40), 11213 (23), 11214 (65)
   11215 (13), 11215 (13), 11216 (15), 11217 (10), 11218 (49), 11219 (45), 11220 (73), 11221 (34)
   11222 (20), 11222 (20), 11223 (71), 11224 (45), 11225 (10), 11226 (39), 11228 (35), 11229 (59)
   11230 (68), 11230 (68), 11231 (5), 11232 (9), 11233 (18), 11234 (34), 11235 (104), 11236 (29)
   11237 (29), 11237 (29), 11238 (14), 11239 (11), 11354 (33), 11355 (56), 11356 (15), 11357 (14)
   11358 (26), 11358 (26), 11360 (5), 11361 (3), 11362 (9), 11363 (7), 11364 (15), 11365 (23)
   11366 (12), 11366 (12), 11367 (20), 11368 (35), 11369 (17), 11370 (21), 11372 (20), 11373 (34)
   11374 (28), 11374 (28), 11375 (35), 11377 (49), 11378 (22), 11379 (20), 11385 (68), 11411 (4)
   11412 (23), 11412 (23), 11413 (14), 11414 (13), 11415 (2), 11416 (14), 11417 (41), 11418 (23)
   11419 (44), 11419 (44), 11420 (38), 11421 (27), 11422 (11), 11423 (30), 11426 (5), 11427 (5)
   11428 (19), 11428 (19), 11429 (14), 11432 (35), 11433 (12), 11434 (27), 11435 (24), 11436 (12)
   11691 (32), 11691 (32), 11692 (9), 11693 (9), 11694 (16), 11697 (3)
