Comparison between:
  Old: d:/byzip/newyork/2021-02-05/data-by-modzcta.csv
  New: d:/byzip/newyork/2021-02-07/data-by-modzcta.csv
Headers are the same

Zip codes not changed: 10044

Zip codes with changes: 10001 (19), 10002 (75), 10003 (30), 10004 (3), 10005 (7), 10006 (2)
   10007 (6), 10007 (6), 10009 (47), 10010 (25), 10011 (33), 10012 (17), 10013 (30), 10014 (19)
   10016 (26), 10016 (26), 10017 (6), 10018 (4), 10019 (23), 10021 (20), 10022 (15), 10023 (48)
   10024 (27), 10024 (27), 10025 (71), 10026 (37), 10027 (63), 10028 (17), 10029 (84), 10030 (30)
   10031 (45), 10031 (45), 10032 (57), 10033 (41), 10034 (61), 10035 (33), 10036 (17), 10037 (18)
   10038 (21), 10038 (21), 10039 (27), 10040 (67), 10065 (11), 10069 (8), 10075 (14), 10128 (48)
   10280 (5), 10280 (5), 10282 (1), 10301 (33), 10302 (20), 10303 (22), 10304 (47), 10305 (65)
   10306 (63), 10306 (63), 10307 (9), 10308 (20), 10309 (28), 10310 (29), 10312 (52), 10314 (99)
   10451 (59), 10451 (59), 10452 (84), 10453 (95), 10454 (57), 10455 (64), 10456 (97), 10457 (95)
   10458 (124), 10458 (124), 10459 (49), 10460 (64), 10461 (70), 10462 (120), 10463 (47), 10464 (3)
   10465 (39), 10465 (39), 10466 (95), 10467 (121), 10468 (114), 10469 (64), 10470 (20), 10471 (24)
   10472 (94), 10472 (94), 10473 (85), 10474 (15), 10475 (38), 11004 (8), 11101 (35), 11102 (28)
   11103 (31), 11103 (31), 11104 (28), 11105 (28), 11106 (31), 11109 (6), 11201 (15), 11203 (53)
   11204 (85), 11204 (85), 11205 (34), 11206 (83), 11207 (114), 11208 (114), 11209 (58), 11210 (38)
   11211 (67), 11211 (67), 11212 (73), 11213 (64), 11214 (97), 11215 (23), 11216 (35), 11217 (29)
   11218 (63), 11218 (63), 11219 (86), 11220 (94), 11221 (77), 11222 (21), 11223 (97), 11224 (77)
   11225 (38), 11225 (38), 11226 (72), 11228 (35), 11229 (118), 11230 (116), 11231 (17), 11232 (23)
   11233 (48), 11233 (48), 11234 (75), 11235 (128), 11236 (61), 11237 (50), 11238 (32), 11239 (18)
   11354 (38), 11354 (38), 11355 (84), 11356 (21), 11357 (33), 11358 (37), 11360 (23), 11361 (15)
   11362 (9), 11362 (9), 11363 (5), 11364 (27), 11365 (31), 11366 (13), 11367 (35), 11368 (102)
   11369 (50), 11369 (50), 11370 (36), 11372 (75), 11373 (70), 11374 (50), 11375 (57), 11377 (96)
   11378 (34), 11378 (34), 11379 (20), 11385 (119), 11411 (16), 11412 (29), 11413 (28), 11414 (28)
   11415 (13), 11415 (13), 11416 (13), 11417 (35), 11418 (60), 11419 (82), 11420 (74), 11421 (41)
   11422 (32), 11422 (32), 11423 (24), 11426 (9), 11427 (22), 11428 (16), 11429 (13), 11432 (67)
   11433 (49), 11433 (49), 11434 (50), 11435 (57), 11436 (39), 11691 (99), 11692 (28), 11693 (14)
   11694 (22), 11694 (22), 11697 (4)
