Comparison between:
  Old: d:/byzip/newyork/2020-10-07/data-by-modzcta.csv
  New: d:/byzip/newyork/2020-10-08/data-by-modzcta.csv
Headers are the same

Zip codes not changed: 10002, 10004, 10006, 10007, 10009, 10010, 10018, 10019, 10021, 10022
   10027, 10027, 10036, 10038, 10039, 10040, 10044, 10065, 10069, 10282, 10301, 10303, 10308
   10310, 10310, 10458, 10463, 10464, 10467, 10470, 10471, 10474, 10475, 11101, 11104, 11109
   11201, 11201, 11209, 11231, 11238, 11355, 11358, 11360, 11361, 11362, 11363, 11366, 11369
   11378, 11378, 11428, 11429, 11693, 11697

Zip codes with changes: 10001 (-3), 10003 (2), 10005 (1), 10011 (3), 10012 (2), 10013 (2), 10014 (2)
   10016 (2), 10016 (2), 10017 (2), 10023 (2), 10024 (2), 10025 (3), 10026 (2), 10028 (2), 10029 (1)
   10030 (2), 10030 (2), 10031 (1), 10032 (2), 10033 (2), 10034 (3), 10035 (1), 10037 (1), 10075 (2)
   10128 (1), 10128 (1), 10280 (1), 10302 (1), 10304 (4), 10305 (3), 10306 (6), 10307 (3), 10309 (2)
   10312 (3), 10312 (3), 10314 (8), 10451 (1), 10452 (5), 10453 (4), 10454 (1), 10455 (-1), 10456 (3)
   10457 (2), 10457 (2), 10459 (2), 10460 (1), 10461 (5), 10462 (3), 10465 (4), 10466 (1), 10468 (7)
   10469 (3), 10469 (3), 10472 (2), 10473 (3), 11004 (1), 11102 (2), 11103 (3), 11105 (5), 11106 (2)
   11203 (4), 11203 (4), 11204 (10), 11205 (6), 11206 (5), 11207 (5), 11208 (7), 11210 (4), 11211 (12)
   11212 (3), 11212 (3), 11213 (9), 11214 (2), 11215 (2), 11216 (4), 11217 (-1), 11218 (7), 11219 (29)
   11220 (4), 11220 (4), 11221 (3), 11222 (2), 11223 (21), 11224 (6), 11225 (2), 11226 (1), 11228 (3)
   11229 (5), 11229 (5), 11230 (18), 11232 (2), 11233 (2), 11234 (6), 11235 (6), 11236 (3), 11237 (1)
   11239 (1), 11239 (1), 11354 (2), 11356 (3), 11357 (2), 11364 (3), 11365 (1), 11367 (12), 11368 (5)
   11370 (1), 11370 (1), 11372 (2), 11373 (2), 11374 (9), 11375 (7), 11377 (3), 11379 (3), 11385 (4)
   11411 (1), 11411 (1), 11412 (1), 11413 (5), 11414 (2), 11415 (3), 11416 (2), 11417 (2), 11418 (2)
   11419 (3), 11419 (3), 11420 (2), 11421 (1), 11422 (-1), 11423 (1), 11426 (4), 11427 (1), 11432 (5)
   11433 (2), 11433 (2), 11434 (1), 11435 (4), 11436 (2), 11691 (12), 11692 (1), 11694 (-3)
