Comparison between:
  Old: d:/byzip/newyork/2020-11-05/data-by-modzcta.csv
  New: d:/byzip/newyork/2020-11-06/data-by-modzcta.csv
Headers are the same

Zip codes not changed: 10004, 10028, 10034, 10037, 10069, 10280, 10282, 10464, 11231, 11358
   11364, 11364, 11413, 11428, 11697

Zip codes with changes: 10001 (1), 10002 (11), 10003 (2), 10005 (1), 10006 (1), 10007 (1), 10009 (5)
   10010 (4), 10010 (4), 10011 (4), 10012 (2), 10013 (3), 10014 (1), 10016 (4), 10017 (2), 10018 (3)
   10019 (6), 10019 (6), 10021 (4), 10022 (2), 10023 (9), 10024 (7), 10025 (9), 10026 (4), 10027 (5)
   10029 (3), 10029 (3), 10030 (5), 10031 (11), 10032 (8), 10033 (10), 10035 (4), 10036 (2), 10038 (2)
   10039 (3), 10039 (3), 10040 (2), 10044 (1), 10065 (2), 10075 (3), 10128 (7), 10301 (7), 10302 (4)
   10303 (2), 10303 (2), 10304 (16), 10305 (10), 10306 (11), 10307 (8), 10308 (12), 10309 (19)
   10310 (3), 10310 (3), 10312 (28), 10314 (39), 10451 (8), 10452 (9), 10453 (7), 10454 (7), 10455 (3)
   10456 (8), 10456 (8), 10457 (14), 10458 (16), 10459 (11), 10460 (10), 10461 (5), 10462 (13)
   10463 (4), 10463 (4), 10465 (3), 10466 (6), 10467 (15), 10468 (7), 10469 (8), 10470 (3), 10471 (2)
   10472 (8), 10472 (8), 10473 (6), 10474 (2), 10475 (4), 11004 (3), 11101 (4), 11102 (3), 11103 (3)
   11104 (5), 11104 (5), 11105 (7), 11106 (4), 11109 (1), 11201 (8), 11203 (7), 11204 (18), 11205 (5)
   11206 (12), 11206 (12), 11207 (6), 11208 (11), 11209 (16), 11210 (11), 11211 (16), 11212 (10)
   11213 (6), 11213 (6), 11214 (9), 11215 (5), 11216 (7), 11217 (2), 11218 (12), 11219 (24), 11220 (11)
   11221 (11), 11221 (11), 11222 (-1), 11223 (16), 11224 (3), 11225 (2), 11226 (11), 11228 (4)
   11229 (17), 11229 (17), 11230 (19), 11232 (2), 11233 (9), 11234 (5), 11235 (16), 11236 (9)
   11237 (6), 11237 (6), 11238 (5), 11239 (2), 11354 (3), 11355 (4), 11356 (3), 11357 (6), 11360 (3)
   11361 (3), 11361 (3), 11362 (4), 11363 (1), 11365 (4), 11366 (1), 11367 (1), 11368 (19), 11369 (7)
   11370 (3), 11370 (3), 11372 (13), 11373 (17), 11374 (4), 11375 (5), 11377 (12), 11378 (5)
   11379 (2), 11379 (2), 11385 (7), 11411 (3), 11412 (1), 11414 (1), 11415 (3), 11416 (1), 11417 (4)
   11418 (6), 11418 (6), 11419 (6), 11420 (6), 11421 (5), 11422 (3), 11423 (7), 11426 (6), 11427 (3)
   11429 (3), 11429 (3), 11432 (10), 11433 (3), 11434 (3), 11435 (5), 11436 (4), 11691 (3), 11692 (3)
   11693 (4), 11693 (4), 11694 (5)
