Comparison between:
  Old: d:/byzip/newyork/2021-01-18/data-by-modzcta.csv
  New: d:/byzip/newyork/2021-01-19/data-by-modzcta.csv
Headers are the same

Zip codes not changed: 10005, 10006, 11363

Zip codes with changes: 10001 (3), 10002 (25), 10003 (20), 10004 (3), 10007 (2), 10009 (13), 10010 (8)
   10011 (12), 10011 (12), 10012 (12), 10013 (5), 10014 (2), 10016 (10), 10017 (4), 10018 (2)
   10019 (16), 10019 (16), 10021 (8), 10022 (4), 10023 (12), 10024 (13), 10025 (23), 10026 (18)
   10027 (21), 10027 (21), 10028 (11), 10029 (37), 10030 (9), 10031 (16), 10032 (26), 10033 (21)
   10034 (16), 10034 (16), 10035 (13), 10036 (8), 10037 (6), 10038 (15), 10039 (8), 10040 (17)
   10044 (7), 10044 (7), 10065 (9), 10069 (2), 10075 (8), 10128 (12), 10280 (1), 10282 (3), 10301 (22)
   10302 (9), 10302 (9), 10303 (15), 10304 (28), 10305 (43), 10306 (41), 10307 (13), 10308 (13)
   10309 (29), 10309 (29), 10310 (13), 10312 (55), 10314 (73), 10451 (24), 10452 (43), 10453 (54)
   10454 (20), 10454 (20), 10455 (18), 10456 (29), 10457 (33), 10458 (42), 10459 (24), 10460 (25)
   10461 (35), 10461 (35), 10462 (59), 10463 (35), 10464 (1), 10465 (22), 10466 (36), 10467 (81)
   10468 (28), 10468 (28), 10469 (29), 10470 (8), 10471 (9), 10472 (49), 10473 (45), 10474 (11)
   10475 (15), 10475 (15), 11004 (10), 11101 (12), 11102 (15), 11103 (21), 11104 (11), 11105 (14)
   11106 (18), 11106 (18), 11109 (5), 11201 (18), 11203 (35), 11204 (62), 11205 (20), 11206 (38)
   11207 (39), 11207 (39), 11208 (60), 11209 (39), 11210 (26), 11211 (28), 11212 (33), 11213 (36)
   11214 (76), 11214 (76), 11215 (28), 11216 (15), 11217 (19), 11218 (42), 11219 (37), 11220 (66)
   11221 (38), 11221 (38), 11222 (9), 11223 (60), 11224 (36), 11225 (15), 11226 (54), 11228 (23)
   11229 (53), 11229 (53), 11230 (55), 11231 (13), 11232 (6), 11233 (20), 11234 (43), 11235 (76)
   11236 (26), 11236 (26), 11237 (29), 11238 (15), 11239 (10), 11354 (27), 11355 (71), 11356 (18)
   11357 (28), 11357 (28), 11358 (34), 11360 (8), 11361 (11), 11362 (7), 11364 (23), 11365 (15)
   11366 (8), 11366 (8), 11367 (19), 11368 (72), 11369 (23), 11370 (15), 11372 (39), 11373 (61)
   11374 (14), 11374 (14), 11375 (25), 11377 (51), 11378 (20), 11379 (25), 11385 (85), 11411 (15)
   11412 (24), 11412 (24), 11413 (21), 11414 (14), 11415 (16), 11416 (10), 11417 (15), 11418 (26)
   11419 (52), 11419 (52), 11420 (37), 11421 (43), 11422 (15), 11423 (15), 11426 (25), 11427 (28)
   11428 (9), 11428 (9), 11429 (16), 11432 (25), 11433 (11), 11434 (37), 11435 (36), 11436 (13)
   11691 (38), 11691 (38), 11692 (18), 11693 (9), 11694 (9), 11697 (1)
