Comparison between:
  Old: d:/byzip/newyork/2020-09-29/data-by-modzcta.csv
  New: d:/byzip/newyork/2020-09-30/data-by-modzcta.csv
Headers are the same

Zip codes not changed: 10005, 10006, 10013, 10014, 10027, 10044, 10065, 10280, 10282, 10302
   10303, 10303, 10451, 10454, 10457, 10464, 10466, 10471, 10474, 11104, 11106, 11215, 11217
   11218, 11218, 11228, 11232, 11238, 11239, 11357, 11360, 11361, 11363, 11366, 11411, 11418
   11421, 11421, 11423, 11426, 11428, 11436, 11694, 11697

Zip codes with changes: 10001 (-1), 10002 (10), 10003 (3), 10004 (2), 10007 (-1), 10009 (4)
   10010 (2), 10010 (2), 10011 (1), 10012 (1), 10016 (2), 10017 (1), 10018 (1), 10019 (-1), 10021 (2)
   10022 (1), 10022 (1), 10023 (3), 10024 (4), 10025 (1), 10026 (1), 10028 (1), 10029 (4), 10030 (1)
   10031 (1), 10031 (1), 10032 (3), 10033 (5), 10034 (1), 10035 (1), 10036 (2), 10037 (1), 10038 (4)
   10039 (2), 10039 (2), 10040 (4), 10069 (1), 10075 (1), 10128 (1), 10301 (7), 10304 (6), 10305 (3)
   10306 (7), 10306 (7), 10307 (1), 10308 (1), 10309 (3), 10310 (6), 10312 (3), 10314 (6), 10452 (11)
   10453 (6), 10453 (6), 10455 (1), 10456 (4), 10458 (5), 10459 (2), 10460 (3), 10461 (3), 10462 (9)
   10463 (7), 10463 (7), 10465 (5), 10467 (4), 10468 (11), 10469 (3), 10470 (1), 10472 (3), 10473 (4)
   10475 (2), 10475 (2), 11004 (1), 11101 (2), 11102 (5), 11103 (2), 11105 (3), 11109 (1), 11201 (1)
   11203 (3), 11203 (3), 11204 (5), 11205 (3), 11206 (6), 11207 (5), 11208 (2), 11209 (7), 11210 (5)
   11211 (10), 11211 (10), 11212 (-2), 11213 (4), 11214 (2), 11216 (5), 11219 (16), 11220 (2)
   11221 (3), 11221 (3), 11222 (2), 11223 (12), 11224 (2), 11225 (3), 11226 (3), 11229 (9), 11230 (24)
   11231 (1), 11231 (1), 11233 (4), 11234 (10), 11235 (12), 11236 (4), 11237 (6), 11354 (5), 11355 (1)
   11356 (1), 11356 (1), 11358 (-1), 11362 (1), 11364 (1), 11365 (4), 11367 (2), 11368 (6), 11369 (3)
   11370 (2), 11370 (2), 11372 (1), 11373 (8), 11374 (6), 11375 (2), 11377 (1), 11378 (2), 11379 (2)
   11385 (3), 11385 (3), 11412 (1), 11413 (1), 11414 (1), 11415 (5), 11416 (4), 11417 (3), 11419 (2)
   11420 (2), 11420 (2), 11422 (2), 11427 (3), 11429 (2), 11432 (6), 11433 (2), 11434 (2), 11435 (3)
   11691 (11), 11691 (11), 11692 (2), 11693 (2)
