Comparison between:
  Old: d:/byzip/newyork/2020-12-08/data-by-modzcta.csv
  New: d:/byzip/newyork/2020-12-09/data-by-modzcta.csv
Headers are the same

Zip codes not changed: 10006, 10017

Zip codes with changes: 10001 (3), 10002 (31), 10003 (5), 10004 (1), 10005 (2), 10007 (1), 10009 (11)
   10010 (1), 10010 (1), 10011 (8), 10012 (3), 10013 (3), 10014 (1), 10016 (17), 10018 (1), 10019 (11)
   10021 (8), 10021 (8), 10022 (6), 10023 (12), 10024 (3), 10025 (10), 10026 (12), 10027 (8)
   10028 (9), 10028 (9), 10029 (26), 10030 (5), 10031 (8), 10032 (20), 10033 (19), 10034 (12)
   10035 (9), 10035 (9), 10036 (6), 10037 (6), 10038 (6), 10039 (4), 10040 (15), 10044 (2), 10065 (3)
   10069 (2), 10069 (2), 10075 (2), 10128 (13), 10280 (2), 10282 (1), 10301 (15), 10302 (15), 10303 (10)
   10304 (13), 10304 (13), 10305 (19), 10306 (39), 10307 (13), 10308 (18), 10309 (22), 10310 (17)
   10312 (48), 10312 (48), 10314 (58), 10451 (19), 10452 (33), 10453 (39), 10454 (9), 10455 (14)
   10456 (24), 10456 (24), 10457 (20), 10458 (25), 10459 (12), 10460 (26), 10461 (23), 10462 (24)
   10463 (27), 10463 (27), 10464 (2), 10465 (21), 10466 (13), 10467 (17), 10468 (25), 10469 (10)
   10470 (3), 10470 (3), 10471 (6), 10472 (23), 10473 (17), 10474 (3), 10475 (4), 11004 (2), 11101 (11)
   11102 (7), 11102 (7), 11103 (7), 11104 (5), 11105 (8), 11106 (11), 11109 (1), 11201 (7), 11203 (19)
   11204 (30), 11204 (30), 11205 (10), 11206 (28), 11207 (32), 11208 (38), 11209 (24), 11210 (17)
   11211 (15), 11211 (15), 11212 (17), 11213 (15), 11214 (29), 11215 (13), 11216 (11), 11217 (7)
   11218 (36), 11218 (36), 11219 (20), 11220 (35), 11221 (22), 11222 (8), 11223 (51), 11224 (16)
   11225 (9), 11225 (9), 11226 (12), 11228 (10), 11229 (34), 11230 (47), 11231 (11), 11232 (6)
   11233 (19), 11233 (19), 11234 (12), 11235 (26), 11236 (32), 11237 (7), 11238 (12), 11239 (4)
   11354 (16), 11354 (16), 11355 (27), 11356 (15), 11357 (11), 11358 (2), 11360 (3), 11361 (7)
   11362 (5), 11362 (5), 11363 (1), 11364 (5), 11365 (7), 11366 (6), 11367 (9), 11368 (38), 11369 (23)
   11370 (11), 11370 (11), 11372 (25), 11373 (27), 11374 (12), 11375 (18), 11377 (22), 11378 (10)
   11379 (10), 11379 (10), 11385 (34), 11411 (3), 11412 (5), 11413 (11), 11414 (23), 11415 (6)
   11416 (17), 11416 (17), 11417 (5), 11418 (22), 11419 (30), 11420 (18), 11421 (19), 11422 (8)
   11423 (9), 11423 (9), 11426 (4), 11427 (6), 11428 (10), 11429 (3), 11432 (22), 11433 (7), 11434 (13)
   11435 (20), 11435 (20), 11436 (10), 11691 (25), 11692 (6), 11693 (1), 11694 (10), 11697 (3)
   
