Comparison between:
  Old: d:/byzip/newyork/2020-12-21/data-by-modzcta.csv
  New: d:/byzip/newyork/2020-12-22/data-by-modzcta.csv
Headers are the same

Zip codes not changed: 10005, 10282, 11109, 11362

Zip codes with changes: 10001 (5), 10002 (12), 10003 (14), 10004 (6), 10006 (2), 10007 (1), 10009 (15)
   10010 (3), 10010 (3), 10011 (5), 10012 (4), 10013 (12), 10014 (9), 10016 (14), 10017 (6), 10018 (3)
   10019 (7), 10019 (7), 10021 (9), 10022 (5), 10023 (6), 10024 (11), 10025 (18), 10026 (7), 10027 (9)
   10028 (11), 10028 (11), 10029 (16), 10030 (5), 10031 (10), 10032 (12), 10033 (24), 10034 (17)
   10035 (7), 10035 (7), 10036 (8), 10037 (2), 10038 (9), 10039 (8), 10040 (19), 10044 (1), 10065 (3)
   10069 (2), 10069 (2), 10075 (6), 10128 (12), 10280 (2), 10301 (14), 10302 (10), 10303 (6)
   10304 (25), 10304 (25), 10305 (20), 10306 (31), 10307 (6), 10308 (17), 10309 (20), 10310 (16)
   10312 (37), 10312 (37), 10314 (40), 10451 (11), 10452 (19), 10453 (15), 10454 (11), 10455 (5)
   10456 (15), 10456 (15), 10457 (17), 10458 (23), 10459 (17), 10460 (24), 10461 (29), 10462 (31)
   10463 (8), 10463 (8), 10464 (7), 10465 (16), 10466 (16), 10467 (36), 10468 (27), 10469 (17)
   10470 (6), 10470 (6), 10471 (6), 10472 (21), 10473 (19), 10474 (4), 10475 (5), 11004 (11), 11101 (13)
   11102 (12), 11102 (12), 11103 (7), 11104 (12), 11105 (9), 11106 (10), 11201 (8), 11203 (16)
   11204 (35), 11204 (35), 11205 (6), 11206 (19), 11207 (31), 11208 (41), 11209 (20), 11210 (19)
   11211 (21), 11211 (21), 11212 (13), 11213 (15), 11214 (28), 11215 (13), 11216 (8), 11217 (8)
   11218 (20), 11218 (20), 11219 (35), 11220 (38), 11221 (14), 11222 (6), 11223 (35), 11224 (23)
   11225 (7), 11225 (7), 11226 (23), 11228 (31), 11229 (45), 11230 (51), 11231 (9), 11232 (17)
   11233 (7), 11233 (7), 11234 (26), 11235 (42), 11236 (26), 11237 (13), 11238 (11), 11239 (8)
   11354 (12), 11354 (12), 11355 (28), 11356 (3), 11357 (10), 11358 (8), 11360 (3), 11361 (12)
   11363 (1), 11363 (1), 11364 (1), 11365 (13), 11366 (4), 11367 (18), 11368 (42), 11369 (16)
   11370 (7), 11370 (7), 11372 (19), 11373 (32), 11374 (12), 11375 (21), 11377 (25), 11378 (12)
   11379 (10), 11379 (10), 11385 (24), 11411 (6), 11412 (4), 11413 (9), 11414 (4), 11415 (5)
   11416 (7), 11416 (7), 11417 (11), 11418 (23), 11419 (24), 11420 (14), 11421 (16), 11422 (6)
   11423 (7), 11423 (7), 11426 (6), 11427 (21), 11428 (7), 11429 (11), 11432 (18), 11433 (14)
   11434 (17), 11434 (17), 11435 (20), 11436 (7), 11691 (33), 11692 (4), 11693 (4), 11694 (8)
   11697 (1), 11697 (1)
