Comparison between:
  Old: d:/byzip/newyork/2020-09-28/data-by-modzcta.csv
  New: d:/byzip/newyork/2020-09-29/data-by-modzcta.csv
Headers are the same

Zip codes not changed: 10001, 10004, 10005, 10006, 10007, 10013, 10014, 10016, 10018, 10019
   10022, 10022, 10026, 10031, 10034, 10036, 10038, 10069, 10075, 10280, 10282, 10302, 10303
   10305, 10305, 10310, 10452, 10456, 10457, 10459, 10463, 10464, 10465, 10469, 10470, 10471
   10474, 10474, 11104, 11203, 11231, 11232, 11238, 11239, 11357, 11360, 11361, 11363, 11411
   11412, 11412, 11413, 11415, 11416, 11417, 11418, 11422, 11426, 11428, 11433, 11434, 11693
   11697, 11697

Zip codes with changes: 10002 (1), 10003 (2), 10009 (1), 10010 (3), 10011 (1), 10012 (1), 10017 (1)
   10021 (1), 10021 (1), 10023 (2), 10024 (3), 10025 (3), 10027 (6), 10028 (2), 10029 (3), 10030 (2)
   10032 (1), 10032 (1), 10033 (1), 10035 (1), 10037 (1), 10039 (1), 10040 (3), 10044 (1), 10065 (3)
   10128 (1), 10128 (1), 10301 (7), 10304 (3), 10306 (11), 10307 (1), 10308 (6), 10309 (2), 10312 (5)
   10314 (3), 10314 (3), 10451 (1), 10453 (2), 10454 (1), 10455 (1), 10458 (4), 10460 (3), 10461 (1)
   10462 (5), 10462 (5), 10466 (4), 10467 (4), 10468 (3), 10472 (5), 10473 (2), 10475 (2), 11004 (-1)
   11101 (1), 11101 (1), 11102 (1), 11103 (1), 11105 (1), 11106 (2), 11109 (1), 11201 (1), 11204 (9)
   11205 (4), 11205 (4), 11206 (-1), 11207 (3), 11208 (3), 11209 (5), 11210 (9), 11211 (13), 11212 (3)
   11213 (4), 11213 (4), 11214 (1), 11215 (2), 11216 (3), 11217 (1), 11218 (9), 11219 (10), 11220 (2)
   11221 (2), 11221 (2), 11222 (1), 11223 (24), 11224 (1), 11225 (2), 11226 (4), 11228 (3), 11229 (2)
   11230 (26), 11230 (26), 11233 (5), 11234 (4), 11235 (13), 11236 (3), 11237 (5), 11354 (3)
   11355 (1), 11355 (1), 11356 (1), 11358 (3), 11362 (1), 11364 (1), 11365 (5), 11366 (3), 11367 (4)
   11368 (6), 11368 (6), 11369 (2), 11370 (2), 11372 (-1), 11373 (4), 11374 (7), 11375 (4), 11377 (4)
   11378 (3), 11378 (3), 11379 (-1), 11385 (3), 11414 (8), 11419 (1), 11420 (1), 11421 (4), 11423 (4)
   11427 (2), 11427 (2), 11429 (2), 11432 (5), 11435 (-1), 11436 (1), 11691 (12), 11692 (1), 11694 (1)
   
