Comparison between:
  Old: d:/byzip/newyork/2021-02-19/data-by-modzcta.csv
  New: d:/byzip/newyork/2021-02-20/data-by-modzcta.csv
Headers are the same

Zip codes not changed: 10004, 11363

Zip codes with changes: 10001 (6), 10002 (37), 10003 (24), 10005 (2), 10006 (3), 10007 (1), 10009 (25)
   10010 (8), 10010 (8), 10011 (18), 10012 (9), 10013 (7), 10014 (7), 10016 (21), 10017 (2), 10018 (2)
   10019 (17), 10019 (17), 10021 (6), 10022 (9), 10023 (22), 10024 (18), 10025 (33), 10026 (15)
   10027 (18), 10027 (18), 10028 (8), 10029 (32), 10030 (18), 10031 (31), 10032 (17), 10033 (20)
   10034 (40), 10034 (40), 10035 (16), 10036 (9), 10037 (9), 10038 (6), 10039 (4), 10040 (38)
   10044 (3), 10044 (3), 10065 (3), 10069 (2), 10075 (5), 10128 (23), 10280 (1), 10282 (-1), 10301 (19)
   10302 (8), 10302 (8), 10303 (11), 10304 (24), 10305 (18), 10306 (22), 10307 (1), 10308 (16)
   10309 (8), 10309 (8), 10310 (6), 10312 (23), 10314 (46), 10451 (34), 10452 (37), 10453 (45)
   10454 (17), 10454 (17), 10455 (20), 10456 (52), 10457 (44), 10458 (41), 10459 (21), 10460 (32)
   10461 (25), 10461 (25), 10462 (61), 10463 (38), 10464 (3), 10465 (25), 10466 (28), 10467 (54)
   10468 (57), 10468 (57), 10469 (27), 10470 (7), 10471 (10), 10472 (32), 10473 (30), 10474 (9)
   10475 (18), 10475 (18), 11004 (4), 11101 (10), 11102 (7), 11103 (10), 11104 (10), 11105 (15)
   11106 (13), 11106 (13), 11109 (1), 11201 (10), 11203 (22), 11204 (28), 11205 (21), 11206 (39)
   11207 (29), 11207 (29), 11208 (60), 11209 (15), 11210 (17), 11211 (27), 11212 (37), 11213 (29)
   11214 (46), 11214 (46), 11215 (16), 11216 (21), 11217 (15), 11218 (19), 11219 (32), 11220 (30)
   11221 (30), 11221 (30), 11222 (4), 11223 (48), 11224 (16), 11225 (15), 11226 (39), 11228 (13)
   11229 (44), 11229 (44), 11230 (39), 11231 (8), 11232 (17), 11233 (24), 11234 (25), 11235 (53)
   11236 (31), 11236 (31), 11237 (10), 11238 (12), 11239 (4), 11354 (27), 11355 (51), 11356 (16)
   11357 (17), 11357 (17), 11358 (11), 11360 (7), 11361 (5), 11362 (4), 11364 (11), 11365 (12)
   11366 (3), 11366 (3), 11367 (20), 11368 (31), 11369 (25), 11370 (15), 11372 (21), 11373 (45)
   11374 (18), 11374 (18), 11375 (23), 11377 (48), 11378 (3), 11379 (9), 11385 (38), 11411 (4)
   11412 (9), 11412 (9), 11413 (11), 11414 (9), 11415 (8), 11416 (15), 11417 (15), 11418 (29)
   11419 (41), 11419 (41), 11420 (28), 11421 (12), 11422 (12), 11423 (10), 11426 (12), 11427 (8)
   11428 (11), 11428 (11), 11429 (6), 11432 (26), 11433 (8), 11434 (23), 11435 (24), 11436 (12)
   11691 (19), 11691 (19), 11692 (6), 11693 (4), 11694 (6), 11697 (2)
