Comparison between:
  Old: d:/byzip/newyork/2021-02-28/data-by-modzcta.csv
  New: d:/byzip/newyork/2021-03-01/data-by-modzcta.csv
Headers are the same

Zip codes not changed: 10004, 10044, 10280, 11363, 11366, 11697

Zip codes with changes: 10001 (8), 10002 (31), 10003 (18), 10005 (1), 10006 (1), 10007 (3), 10009 (23)
   10010 (8), 10010 (8), 10011 (10), 10012 (9), 10013 (8), 10014 (3), 10016 (17), 10017 (2), 10018 (3)
   10019 (16), 10019 (16), 10021 (8), 10022 (3), 10023 (17), 10024 (7), 10025 (27), 10026 (11)
   10027 (17), 10027 (17), 10028 (6), 10029 (36), 10030 (11), 10031 (18), 10032 (23), 10033 (18)
   10034 (15), 10034 (15), 10035 (11), 10036 (6), 10037 (5), 10038 (5), 10039 (3), 10040 (17)
   10065 (4), 10065 (4), 10069 (1), 10075 (3), 10128 (8), 10282 (2), 10301 (12), 10302 (8), 10303 (10)
   10304 (18), 10304 (18), 10305 (10), 10306 (40), 10307 (14), 10308 (8), 10309 (17), 10310 (6)
   10312 (24), 10312 (24), 10314 (24), 10451 (23), 10452 (32), 10453 (22), 10454 (17), 10455 (17)
   10456 (27), 10456 (27), 10457 (29), 10458 (27), 10459 (15), 10460 (22), 10461 (18), 10462 (17)
   10463 (17), 10463 (17), 10464 (2), 10465 (14), 10466 (18), 10467 (29), 10468 (42), 10469 (24)
   10470 (5), 10470 (5), 10471 (6), 10472 (31), 10473 (18), 10474 (5), 10475 (12), 11004 (9)
   11101 (15), 11101 (15), 11102 (6), 11103 (15), 11104 (11), 11105 (12), 11106 (13), 11109 (4)
   11201 (10), 11201 (10), 11203 (24), 11204 (18), 11205 (13), 11206 (34), 11207 (42), 11208 (48)
   11209 (15), 11209 (15), 11210 (9), 11211 (40), 11212 (16), 11213 (25), 11214 (24), 11215 (9)
   11216 (6), 11216 (6), 11217 (12), 11218 (26), 11219 (21), 11220 (28), 11221 (19), 11222 (9)
   11223 (28), 11223 (28), 11224 (25), 11225 (18), 11226 (33), 11228 (11), 11229 (47), 11230 (37)
   11231 (10), 11231 (10), 11232 (5), 11233 (24), 11234 (29), 11235 (41), 11236 (20), 11237 (17)
   11238 (12), 11238 (12), 11239 (9), 11354 (12), 11355 (25), 11356 (15), 11357 (19), 11358 (10)
   11360 (3), 11360 (3), 11361 (8), 11362 (5), 11364 (4), 11365 (11), 11367 (10), 11368 (42), 11369 (11)
   11370 (12), 11370 (12), 11372 (17), 11373 (29), 11374 (16), 11375 (21), 11377 (37), 11378 (9)
   11379 (5), 11379 (5), 11385 (32), 11411 (2), 11412 (17), 11413 (9), 11414 (8), 11415 (5), 11416 (9)
   11417 (20), 11417 (20), 11418 (13), 11419 (26), 11420 (22), 11421 (22), 11422 (11), 11423 (5)
   11426 (4), 11426 (4), 11427 (9), 11428 (5), 11429 (2), 11432 (16), 11433 (9), 11434 (20), 11435 (17)
   11436 (9), 11436 (9), 11691 (29), 11692 (6), 11693 (5), 11694 (6)
