Comparison between:
  Old: d:/byzip/newyork/2021-01-01/data-by-modzcta.csv
  New: d:/byzip/newyork/2021-01-02/data-by-modzcta.csv
Headers are the same

Zip codes not changed: 10006, 10069, 10282

Zip codes with changes: 10001 (8), 10002 (48), 10003 (15), 10004 (2), 10005 (3), 10007 (1), 10009 (27)
   10010 (7), 10010 (7), 10011 (11), 10012 (8), 10013 (8), 10014 (12), 10016 (15), 10017 (8)
   10018 (3), 10018 (3), 10019 (9), 10021 (10), 10022 (10), 10023 (22), 10024 (22), 10025 (22)
   10026 (18), 10026 (18), 10027 (19), 10028 (12), 10029 (37), 10030 (10), 10031 (36), 10032 (35)
   10033 (53), 10033 (53), 10034 (23), 10035 (8), 10036 (9), 10037 (7), 10038 (7), 10039 (8)
   10040 (28), 10040 (28), 10044 (1), 10065 (12), 10075 (4), 10128 (14), 10280 (4), 10301 (27)
   10302 (13), 10302 (13), 10303 (22), 10304 (47), 10305 (55), 10306 (67), 10307 (17), 10308 (31)
   10309 (35), 10309 (35), 10310 (12), 10312 (67), 10314 (99), 10451 (36), 10452 (71), 10453 (72)
   10454 (25), 10454 (25), 10455 (25), 10456 (55), 10457 (54), 10458 (56), 10459 (43), 10460 (35)
   10461 (36), 10461 (36), 10462 (44), 10463 (39), 10464 (1), 10465 (49), 10466 (40), 10467 (72)
   10468 (60), 10468 (60), 10469 (36), 10470 (20), 10471 (11), 10472 (45), 10473 (50), 10474 (11)
   10475 (19), 10475 (19), 11004 (10), 11101 (20), 11102 (32), 11103 (24), 11104 (17), 11105 (13)
   11106 (25), 11106 (25), 11109 (1), 11201 (11), 11203 (31), 11204 (47), 11205 (17), 11206 (35)
   11207 (47), 11207 (47), 11208 (48), 11209 (44), 11210 (25), 11211 (32), 11212 (25), 11213 (22)
   11214 (62), 11214 (62), 11215 (21), 11216 (12), 11217 (18), 11218 (39), 11219 (54), 11220 (73)
   11221 (32), 11221 (32), 11222 (16), 11223 (65), 11224 (40), 11225 (24), 11226 (45), 11228 (37)
   11229 (55), 11229 (55), 11230 (64), 11231 (10), 11232 (15), 11233 (28), 11234 (41), 11235 (84)
   11236 (33), 11236 (33), 11237 (10), 11238 (19), 11239 (6), 11354 (24), 11355 (64), 11356 (24)
   11357 (26), 11357 (26), 11358 (19), 11360 (15), 11361 (15), 11362 (4), 11363 (3), 11364 (22)
   11365 (24), 11365 (24), 11366 (7), 11367 (33), 11368 (54), 11369 (20), 11370 (10), 11372 (38)
   11373 (64), 11373 (64), 11374 (35), 11375 (32), 11377 (56), 11378 (23), 11379 (39), 11385 (89)
   11411 (9), 11411 (9), 11412 (18), 11413 (18), 11414 (28), 11415 (9), 11416 (25), 11417 (30)
   11418 (27), 11418 (27), 11419 (31), 11420 (41), 11421 (37), 11422 (10), 11423 (15), 11426 (12)
   11427 (14), 11427 (14), 11428 (5), 11429 (15), 11432 (41), 11433 (15), 11434 (20), 11435 (35)
   11436 (13), 11436 (13), 11691 (44), 11692 (11), 11693 (3), 11694 (12), 11697 (4)
