Comparison between:
  Old: d:/byzip/newyork/2021-03-04/data-by-modzcta.csv
  New: d:/byzip/newyork/2021-03-05/data-by-modzcta.csv
Headers are the same

Zip codes not changed: 10005, 10006, 11217, 11697

Zip codes with changes: 10001 (5), 10002 (40), 10003 (15), 10004 (1), 10007 (2), 10009 (19), 10010 (6)
   10011 (13), 10011 (13), 10012 (10), 10013 (13), 10014 (15), 10016 (15), 10017 (3), 10018 (2)
   10019 (3), 10019 (3), 10021 (4), 10022 (5), 10023 (14), 10024 (10), 10025 (27), 10026 (13)
   10027 (24), 10027 (24), 10028 (5), 10029 (28), 10030 (14), 10031 (25), 10032 (29), 10033 (13)
   10034 (20), 10034 (20), 10035 (26), 10036 (11), 10037 (2), 10038 (3), 10039 (10), 10040 (16)
   10044 (4), 10044 (4), 10065 (8), 10069 (-1), 10075 (6), 10128 (14), 10280 (1), 10282 (1), 10301 (23)
   10302 (8), 10302 (8), 10303 (13), 10304 (18), 10305 (19), 10306 (37), 10307 (14), 10308 (16)
   10309 (33), 10309 (33), 10310 (8), 10312 (46), 10314 (47), 10451 (16), 10452 (42), 10453 (30)
   10454 (23), 10454 (23), 10455 (18), 10456 (36), 10457 (30), 10458 (38), 10459 (19), 10460 (40)
   10461 (12), 10461 (12), 10462 (47), 10463 (18), 10464 (3), 10465 (15), 10466 (29), 10467 (53)
   10468 (36), 10468 (36), 10469 (27), 10470 (4), 10471 (5), 10472 (26), 10473 (24), 10474 (3)
   10475 (15), 10475 (15), 11004 (1), 11101 (13), 11102 (9), 11103 (10), 11104 (14), 11105 (17)
   11106 (17), 11106 (17), 11109 (2), 11201 (20), 11203 (20), 11204 (27), 11205 (13), 11206 (48)
   11207 (42), 11207 (42), 11208 (40), 11209 (26), 11210 (32), 11211 (43), 11212 (36), 11213 (31)
   11214 (27), 11214 (27), 11215 (7), 11216 (16), 11218 (25), 11219 (42), 11220 (47), 11221 (30)
   11222 (12), 11222 (12), 11223 (52), 11224 (39), 11225 (22), 11226 (35), 11228 (27), 11229 (38)
   11230 (41), 11230 (41), 11231 (9), 11232 (13), 11233 (35), 11234 (34), 11235 (64), 11236 (41)
   11237 (20), 11237 (20), 11238 (14), 11239 (5), 11354 (22), 11355 (48), 11356 (11), 11357 (14)
   11358 (12), 11358 (12), 11360 (6), 11361 (15), 11362 (2), 11363 (3), 11364 (10), 11365 (8)
   11366 (4), 11366 (4), 11367 (16), 11368 (34), 11369 (10), 11370 (16), 11372 (22), 11373 (46)
   11374 (28), 11374 (28), 11375 (25), 11377 (43), 11378 (22), 11379 (36), 11385 (45), 11411 (6)
   11412 (9), 11412 (9), 11413 (24), 11414 (8), 11415 (5), 11416 (17), 11417 (10), 11418 (20)
   11419 (32), 11419 (32), 11420 (17), 11421 (12), 11422 (16), 11423 (9), 11426 (6), 11427 (9)
   11428 (7), 11428 (7), 11429 (18), 11432 (25), 11433 (8), 11434 (27), 11435 (20), 11436 (8)
   11691 (16), 11691 (16), 11692 (5), 11693 (5), 11694 (2)
