Comparison between:
  Old: d:/byzip/newyork/2021-02-25/data-by-modzcta.csv
  New: d:/byzip/newyork/2021-02-26/data-by-modzcta.csv
Headers are the same

Zip codes not changed: 10004, 10005, 10006, 10044, 10310, 10464

Zip codes with changes: 10001 (15), 10002 (21), 10003 (20), 10007 (1), 10009 (23), 10010 (6)
   10011 (9), 10011 (9), 10012 (3), 10013 (8), 10014 (7), 10016 (7), 10017 (3), 10018 (2), 10019 (17)
   10021 (10), 10021 (10), 10022 (9), 10023 (9), 10024 (8), 10025 (39), 10026 (5), 10027 (14)
   10028 (12), 10028 (12), 10029 (34), 10030 (10), 10031 (20), 10032 (36), 10033 (26), 10034 (21)
   10035 (16), 10035 (16), 10036 (8), 10037 (10), 10038 (7), 10039 (8), 10040 (13), 10065 (2)
   10069 (1), 10069 (1), 10075 (5), 10128 (11), 10280 (-2), 10282 (-4), 10301 (13), 10302 (12)
   10303 (13), 10303 (13), 10304 (19), 10305 (12), 10306 (26), 10307 (3), 10308 (18), 10309 (10)
   10312 (29), 10312 (29), 10314 (38), 10451 (25), 10452 (47), 10453 (33), 10454 (11), 10455 (18)
   10456 (39), 10456 (39), 10457 (32), 10458 (44), 10459 (25), 10460 (36), 10461 (30), 10462 (43)
   10463 (21), 10463 (21), 10465 (17), 10466 (25), 10467 (44), 10468 (35), 10469 (25), 10470 (1)
   10471 (7), 10471 (7), 10472 (37), 10473 (33), 10474 (6), 10475 (13), 11004 (6), 11101 (12)
   11102 (13), 11102 (13), 11103 (9), 11104 (10), 11105 (14), 11106 (12), 11109 (-1), 11201 (14)
   11203 (15), 11203 (15), 11204 (38), 11205 (12), 11206 (34), 11207 (38), 11208 (48), 11209 (21)
   11210 (29), 11210 (29), 11211 (43), 11212 (34), 11213 (22), 11214 (36), 11215 (6), 11216 (16)
   11217 (7), 11217 (7), 11218 (24), 11219 (27), 11220 (31), 11221 (34), 11222 (9), 11223 (37)
   11224 (31), 11224 (31), 11225 (25), 11226 (45), 11228 (14), 11229 (45), 11230 (43), 11231 (12)
   11232 (16), 11232 (16), 11233 (18), 11234 (23), 11235 (56), 11236 (31), 11237 (14), 11238 (8)
   11239 (3), 11239 (3), 11354 (19), 11355 (43), 11356 (5), 11357 (13), 11358 (10), 11360 (4)
   11361 (7), 11361 (7), 11362 (2), 11363 (1), 11364 (12), 11365 (18), 11366 (6), 11367 (17), 11368 (29)
   11369 (18), 11369 (18), 11370 (3), 11372 (15), 11373 (34), 11374 (14), 11375 (20), 11377 (33)
   11378 (18), 11378 (18), 11379 (12), 11385 (33), 11411 (4), 11412 (14), 11413 (17), 11414 (15)
   11415 (5), 11415 (5), 11416 (9), 11417 (14), 11418 (25), 11419 (26), 11420 (29), 11421 (6)
   11422 (8), 11422 (8), 11423 (4), 11426 (2), 11427 (3), 11428 (12), 11429 (9), 11432 (29), 11433 (5)
   11434 (25), 11434 (25), 11435 (16), 11436 (5), 11691 (25), 11692 (7), 11693 (8), 11694 (5)
   11697 (1), 11697 (1)
