Comparison between:
  Old: d:/byzip/newyork/2021-03-10/data-by-modzcta.csv
  New: d:/byzip/newyork/2021-03-11/data-by-modzcta.csv
Headers are the same

Zip codes not changed: 10004, 10006, 10044, 10280

Zip codes with changes: 10001 (4), 10002 (19), 10003 (16), 10005 (2), 10007 (2), 10009 (11), 10010 (9)
   10011 (6), 10011 (6), 10012 (2), 10013 (7), 10014 (2), 10016 (13), 10017 (3), 10018 (2), 10019 (4)
   10021 (11), 10021 (11), 10022 (3), 10023 (13), 10024 (14), 10025 (14), 10026 (16), 10027 (19)
   10028 (2), 10028 (2), 10029 (33), 10030 (12), 10031 (17), 10032 (20), 10033 (13), 10034 (16)
   10035 (15), 10035 (15), 10036 (3), 10037 (4), 10038 (5), 10039 (8), 10040 (15), 10065 (4)
   10069 (2), 10069 (2), 10075 (4), 10128 (17), 10282 (-3), 10301 (15), 10302 (6), 10303 (11)
   10304 (19), 10304 (19), 10305 (26), 10306 (30), 10307 (9), 10308 (10), 10309 (18), 10310 (7)
   10312 (31), 10312 (31), 10314 (23), 10451 (25), 10452 (21), 10453 (30), 10454 (18), 10455 (15)
   10456 (26), 10456 (26), 10457 (26), 10458 (28), 10459 (17), 10460 (15), 10461 (12), 10462 (19)
   10463 (14), 10463 (14), 10464 (1), 10465 (11), 10466 (34), 10467 (26), 10468 (20), 10469 (16)
   10470 (5), 10470 (5), 10471 (4), 10472 (20), 10473 (10), 10474 (5), 10475 (4), 11004 (2), 11101 (7)
   11102 (5), 11102 (5), 11103 (14), 11104 (4), 11105 (7), 11106 (19), 11109 (1), 11201 (15), 11203 (27)
   11204 (25), 11204 (25), 11205 (12), 11206 (30), 11207 (33), 11208 (33), 11209 (15), 11210 (19)
   11211 (24), 11211 (24), 11212 (31), 11213 (24), 11214 (27), 11215 (6), 11216 (9), 11217 (3)
   11218 (27), 11218 (27), 11219 (46), 11220 (39), 11221 (20), 11222 (5), 11223 (37), 11224 (31)
   11225 (12), 11225 (12), 11226 (27), 11228 (19), 11229 (39), 11230 (71), 11231 (7), 11232 (6)
   11233 (23), 11233 (23), 11234 (35), 11235 (38), 11236 (23), 11237 (19), 11238 (10), 11239 (7)
   11354 (22), 11354 (22), 11355 (41), 11356 (7), 11357 (14), 11358 (9), 11360 (6), 11361 (7)
   11362 (3), 11362 (3), 11363 (2), 11364 (7), 11365 (12), 11366 (3), 11367 (13), 11368 (33), 11369 (13)
   11370 (13), 11370 (13), 11372 (22), 11373 (26), 11374 (25), 11375 (22), 11377 (20), 11378 (8)
   11379 (8), 11379 (8), 11385 (41), 11411 (4), 11412 (11), 11413 (8), 11414 (10), 11415 (5)
   11416 (10), 11416 (10), 11417 (13), 11418 (20), 11419 (23), 11420 (17), 11421 (10), 11422 (4)
   11423 (9), 11423 (9), 11426 (1), 11427 (6), 11428 (6), 11429 (7), 11432 (17), 11433 (6), 11434 (9)
   11435 (12), 11435 (12), 11436 (10), 11691 (20), 11692 (3), 11693 (2), 11694 (7), 11697 (1)
   
