Comparison between:
  Old: d:/byzip/newyork/2020-12-13/data-by-modzcta.csv
  New: d:/byzip/newyork/2020-12-14/data-by-modzcta.csv
Headers are the same

Zip codes not changed: 10044, 10280, 10282

Zip codes with changes: 10001 (3), 10002 (42), 10003 (8), 10004 (2), 10005 (4), 10006 (1), 10007 (1)
   10009 (13), 10009 (13), 10010 (5), 10011 (12), 10012 (3), 10013 (4), 10014 (6), 10016 (15)
   10017 (6), 10017 (6), 10018 (4), 10019 (10), 10021 (9), 10022 (7), 10023 (21), 10024 (7), 10025 (24)
   10026 (8), 10026 (8), 10027 (3), 10028 (9), 10029 (16), 10030 (5), 10031 (12), 10032 (12), 10033 (29)
   10034 (8), 10034 (8), 10035 (7), 10036 (6), 10037 (4), 10038 (3), 10039 (9), 10040 (8), 10065 (8)
   10069 (6), 10069 (6), 10075 (6), 10128 (10), 10301 (14), 10302 (8), 10303 (11), 10304 (17)
   10305 (28), 10305 (28), 10306 (30), 10307 (5), 10308 (17), 10309 (19), 10310 (17), 10312 (36)
   10314 (32), 10314 (32), 10451 (16), 10452 (12), 10453 (16), 10454 (14), 10455 (4), 10456 (22)
   10457 (18), 10457 (18), 10458 (21), 10459 (8), 10460 (11), 10461 (18), 10462 (24), 10463 (22)
   10464 (2), 10464 (2), 10465 (13), 10466 (10), 10467 (17), 10468 (26), 10469 (14), 10470 (3)
   10471 (6), 10471 (6), 10472 (27), 10473 (11), 10474 (2), 10475 (6), 11004 (5), 11101 (15), 11102 (10)
   11103 (16), 11103 (16), 11104 (9), 11105 (7), 11106 (16), 11109 (2), 11201 (7), 11203 (16)
   11204 (29), 11204 (29), 11205 (11), 11206 (13), 11207 (25), 11208 (26), 11209 (16), 11210 (13)
   11211 (20), 11211 (20), 11212 (28), 11213 (7), 11214 (29), 11215 (12), 11216 (5), 11217 (4)
   11218 (24), 11218 (24), 11219 (19), 11220 (32), 11221 (14), 11222 (5), 11223 (42), 11224 (15)
   11225 (4), 11225 (4), 11226 (18), 11228 (14), 11229 (26), 11230 (33), 11231 (3), 11232 (14)
   11233 (9), 11233 (9), 11234 (24), 11235 (35), 11236 (18), 11237 (14), 11238 (7), 11239 (6)
   11354 (11), 11354 (11), 11355 (19), 11356 (6), 11357 (13), 11358 (6), 11360 (2), 11361 (7)
   11362 (6), 11362 (6), 11363 (3), 11364 (12), 11365 (15), 11366 (5), 11367 (9), 11368 (50), 11369 (4)
   11370 (8), 11370 (8), 11372 (14), 11373 (29), 11374 (10), 11375 (19), 11377 (36), 11378 (7)
   11379 (8), 11379 (8), 11385 (35), 11411 (6), 11412 (4), 11413 (11), 11414 (13), 11415 (5)
   11416 (11), 11416 (11), 11417 (15), 11418 (11), 11419 (18), 11420 (12), 11421 (12), 11422 (6)
   11423 (9), 11423 (9), 11426 (9), 11427 (4), 11428 (3), 11429 (9), 11432 (14), 11433 (14), 11434 (22)
   11435 (22), 11435 (22), 11436 (7), 11691 (29), 11692 (6), 11693 (2), 11694 (9), 11697 (6)
   
