Comparison between:
  Old: d:/byzip/newyork/2020-10-05/data-by-modzcta.csv
  New: d:/byzip/newyork/2020-10-06/data-by-modzcta.csv
Headers are the same

Zip codes not changed: 10001, 10006, 10009, 10013, 10018, 10022, 10023, 10026, 10034, 10035
   10044, 10044, 10280, 10282, 10303, 10454, 10459, 10463, 10471, 10473, 11104, 11109, 11203
   11215, 11215, 11232, 11233, 11239, 11356, 11358, 11360, 11361, 11362, 11363, 11364, 11369
   11378, 11378, 11379, 11412, 11422, 11426, 11427, 11428, 11693, 11697

Zip codes with changes: 10002 (1), 10003 (3), 10004 (1), 10005 (1), 10007 (1), 10010 (1), 10011 (-1)
   10012 (1), 10012 (1), 10014 (2), 10016 (2), 10017 (1), 10019 (3), 10021 (2), 10024 (1), 10025 (5)
   10027 (1), 10027 (1), 10028 (1), 10029 (2), 10030 (2), 10031 (3), 10032 (6), 10033 (3), 10036 (2)
   10037 (1), 10037 (1), 10038 (1), 10039 (1), 10040 (3), 10065 (1), 10069 (1), 10075 (3), 10128 (4)
   10301 (1), 10301 (1), 10302 (1), 10304 (3), 10305 (2), 10306 (2), 10307 (3), 10308 (3), 10309 (5)
   10310 (2), 10310 (2), 10312 (2), 10314 (3), 10451 (6), 10452 (1), 10453 (2), 10455 (3), 10456 (3)
   10457 (3), 10457 (3), 10458 (1), 10460 (3), 10461 (2), 10462 (3), 10464 (1), 10465 (6), 10466 (7)
   10467 (4), 10467 (4), 10468 (4), 10469 (6), 10470 (2), 10472 (4), 10474 (2), 10475 (1), 11004 (1)
   11101 (1), 11101 (1), 11102 (3), 11103 (1), 11105 (1), 11106 (3), 11201 (1), 11204 (14), 11205 (3)
   11206 (4), 11206 (4), 11207 (4), 11208 (3), 11209 (4), 11210 (15), 11211 (13), 11212 (1), 11213 (2)
   11214 (3), 11214 (3), 11216 (3), 11217 (1), 11218 (10), 11219 (17), 11220 (5), 11221 (5), 11222 (2)
   11223 (9), 11223 (9), 11224 (4), 11225 (3), 11226 (7), 11228 (2), 11229 (10), 11230 (10), 11231 (1)
   11234 (9), 11234 (9), 11235 (8), 11236 (10), 11237 (8), 11238 (2), 11354 (1), 11355 (2), 11357 (1)
   11365 (1), 11365 (1), 11366 (1), 11367 (4), 11368 (2), 11370 (1), 11372 (1), 11373 (4), 11374 (2)
   11375 (2), 11375 (2), 11377 (3), 11385 (2), 11411 (1), 11413 (2), 11414 (1), 11415 (2), 11416 (2)
   11417 (3), 11417 (3), 11418 (4), 11419 (1), 11420 (2), 11421 (8), 11423 (1), 11429 (3), 11432 (5)
   11433 (1), 11433 (1), 11434 (2), 11435 (4), 11436 (1), 11691 (4), 11692 (2), 11694 (2)
