Comparison between:
  Old: d:/byzip/newyork/2021-01-19/data-by-modzcta.csv
  New: d:/byzip/newyork/2021-01-20/data-by-modzcta.csv
Headers are the same

Zip codes not changed: 10004, 10007, 10282, 11697

Zip codes with changes: 10001 (7), 10002 (32), 10003 (10), 10005 (1), 10006 (1), 10009 (14), 10010 (10)
   10011 (10), 10011 (10), 10012 (7), 10013 (5), 10014 (6), 10016 (12), 10017 (3), 10018 (1)
   10019 (11), 10019 (11), 10021 (9), 10022 (4), 10023 (12), 10024 (9), 10025 (25), 10026 (13)
   10027 (19), 10027 (19), 10028 (14), 10029 (28), 10030 (6), 10031 (19), 10032 (22), 10033 (10)
   10034 (10), 10034 (10), 10035 (8), 10036 (14), 10037 (5), 10038 (4), 10039 (5), 10040 (12)
   10044 (3), 10044 (3), 10065 (7), 10069 (3), 10075 (4), 10128 (7), 10280 (1), 10301 (30), 10302 (20)
   10303 (11), 10303 (11), 10304 (24), 10305 (26), 10306 (30), 10307 (14), 10308 (18), 10309 (21)
   10310 (7), 10310 (7), 10312 (48), 10314 (60), 10451 (12), 10452 (16), 10453 (19), 10454 (17)
   10455 (11), 10455 (11), 10456 (26), 10457 (21), 10458 (24), 10459 (24), 10460 (24), 10461 (16)
   10462 (25), 10462 (25), 10463 (33), 10464 (1), 10465 (21), 10466 (25), 10467 (45), 10468 (26)
   10469 (19), 10469 (19), 10470 (7), 10471 (5), 10472 (17), 10473 (26), 10474 (5), 10475 (12)
   11004 (13), 11004 (13), 11101 (22), 11102 (13), 11103 (32), 11104 (7), 11105 (48), 11106 (17)
   11109 (3), 11109 (3), 11201 (12), 11203 (22), 11204 (39), 11205 (11), 11206 (25), 11207 (38)
   11208 (59), 11208 (59), 11209 (30), 11210 (23), 11211 (21), 11212 (32), 11213 (20), 11214 (51)
   11215 (14), 11215 (14), 11216 (17), 11217 (8), 11218 (27), 11219 (37), 11220 (43), 11221 (23)
   11222 (7), 11222 (7), 11223 (43), 11224 (22), 11225 (15), 11226 (39), 11228 (30), 11229 (64)
   11230 (47), 11230 (47), 11231 (8), 11232 (14), 11233 (16), 11234 (43), 11235 (62), 11236 (30)
   11237 (30), 11237 (30), 11238 (11), 11239 (6), 11354 (26), 11355 (55), 11356 (17), 11357 (24)
   11358 (10), 11358 (10), 11360 (9), 11361 (11), 11362 (1), 11363 (2), 11364 (11), 11365 (18)
   11366 (3), 11366 (3), 11367 (15), 11368 (39), 11369 (24), 11370 (35), 11372 (39), 11373 (43)
   11374 (15), 11374 (15), 11375 (24), 11377 (51), 11378 (25), 11379 (18), 11385 (64), 11411 (5)
   11412 (6), 11412 (6), 11413 (17), 11414 (18), 11415 (4), 11416 (8), 11417 (20), 11418 (23)
   11419 (38), 11419 (38), 11420 (31), 11421 (27), 11422 (11), 11423 (16), 11426 (5), 11427 (16)
   11428 (13), 11428 (13), 11429 (15), 11432 (33), 11433 (10), 11434 (27), 11435 (46), 11436 (3)
   11691 (29), 11691 (29), 11692 (13), 11693 (7), 11694 (5)
