Comparison between:
  Old: d:/byzip/newyork/2021-01-30/data-by-modzcta.csv
  New: d:/byzip/newyork/2021-01-31/data-by-modzcta.csv
Headers are the same

Zip codes not changed: 10006, 10282, 11109

Zip codes with changes: 10001 (10), 10002 (33), 10003 (23), 10004 (3), 10005 (3), 10007 (4)
   10009 (31), 10009 (31), 10010 (15), 10011 (13), 10012 (14), 10013 (13), 10014 (6), 10016 (17)
   10017 (6), 10017 (6), 10018 (1), 10019 (18), 10021 (20), 10022 (10), 10023 (14), 10024 (24)
   10025 (41), 10025 (41), 10026 (25), 10027 (21), 10028 (10), 10029 (50), 10030 (23), 10031 (36)
   10032 (41), 10032 (41), 10033 (22), 10034 (26), 10035 (14), 10036 (11), 10037 (6), 10038 (11)
   10039 (19), 10039 (19), 10040 (24), 10044 (1), 10065 (10), 10069 (5), 10075 (10), 10128 (17)
   10280 (3), 10280 (3), 10301 (13), 10302 (8), 10303 (14), 10304 (22), 10305 (23), 10306 (38)
   10307 (4), 10307 (4), 10308 (12), 10309 (22), 10310 (12), 10312 (21), 10314 (42), 10451 (34)
   10452 (41), 10452 (41), 10453 (50), 10454 (28), 10455 (42), 10456 (37), 10457 (55), 10458 (42)
   10459 (42), 10459 (42), 10460 (31), 10461 (39), 10462 (52), 10463 (41), 10464 (1), 10465 (33)
   10466 (45), 10466 (45), 10467 (81), 10468 (59), 10469 (43), 10470 (7), 10471 (6), 10472 (54)
   10473 (42), 10473 (42), 10474 (10), 10475 (21), 11004 (4), 11101 (17), 11102 (13), 11103 (24)
   11104 (10), 11104 (10), 11105 (17), 11106 (20), 11201 (19), 11203 (36), 11204 (33), 11205 (16)
   11206 (53), 11206 (53), 11207 (71), 11208 (66), 11209 (36), 11210 (20), 11211 (36), 11212 (50)
   11213 (29), 11213 (29), 11214 (58), 11215 (11), 11216 (17), 11217 (19), 11218 (30), 11219 (34)
   11220 (53), 11220 (53), 11221 (48), 11222 (22), 11223 (57), 11224 (31), 11225 (13), 11226 (41)
   11228 (16), 11228 (16), 11229 (46), 11230 (61), 11231 (11), 11232 (10), 11233 (44), 11234 (30)
   11235 (70), 11235 (70), 11236 (26), 11237 (35), 11238 (16), 11239 (10), 11354 (28), 11355 (49)
   11356 (14), 11356 (14), 11357 (24), 11358 (15), 11360 (8), 11361 (16), 11362 (9), 11363 (2)
   11364 (12), 11364 (12), 11365 (13), 11366 (4), 11367 (20), 11368 (69), 11369 (20), 11370 (20)
   11372 (40), 11372 (40), 11373 (49), 11374 (24), 11375 (31), 11377 (58), 11378 (16), 11379 (26)
   11385 (54), 11385 (54), 11411 (4), 11412 (24), 11413 (28), 11414 (21), 11415 (12), 11416 (18)
   11417 (24), 11417 (24), 11418 (27), 11419 (34), 11420 (47), 11421 (28), 11422 (16), 11423 (14)
   11426 (5), 11426 (5), 11427 (6), 11428 (10), 11429 (11), 11432 (31), 11433 (22), 11434 (29)
   11435 (36), 11435 (36), 11436 (6), 11691 (32), 11692 (4), 11693 (9), 11694 (10), 11697 (1)
   
