Comparison between:
  Old: d:/byzip/newyork/2020-11-10/data-by-modzcta.csv
  New: d:/byzip/newyork/2020-11-11/data-by-modzcta.csv
Headers are the same

Zip codes not changed: 10006, 10007, 10010, 10044, 10282, 10464, 10470, 10474, 11109, 11411
   11414, 11414, 11423, 11436, 11692

Zip codes with changes: 10001 (6), 10002 (7), 10003 (7), 10004 (2), 10005 (4), 10009 (8), 10011 (7)
   10012 (2), 10012 (2), 10013 (3), 10014 (3), 10016 (6), 10017 (2), 10018 (4), 10019 (10), 10021 (1)
   10022 (1), 10022 (1), 10023 (5), 10024 (5), 10025 (4), 10026 (2), 10027 (7), 10028 (5), 10029 (5)
   10030 (4), 10030 (4), 10031 (8), 10032 (13), 10033 (7), 10034 (3), 10035 (3), 10036 (1), 10037 (1)
   10038 (1), 10038 (1), 10039 (1), 10040 (12), 10065 (4), 10069 (1), 10075 (3), 10128 (3), 10280 (1)
   10301 (7), 10301 (7), 10302 (7), 10303 (11), 10304 (13), 10305 (13), 10306 (15), 10307 (8)
   10308 (11), 10308 (11), 10309 (22), 10310 (3), 10312 (33), 10314 (35), 10451 (1), 10452 (7)
   10453 (10), 10453 (10), 10454 (3), 10455 (5), 10456 (4), 10457 (12), 10458 (5), 10459 (11)
   10460 (3), 10460 (3), 10461 (8), 10462 (18), 10463 (5), 10465 (7), 10466 (5), 10467 (10), 10468 (8)
   10469 (6), 10469 (6), 10471 (4), 10472 (6), 10473 (4), 10475 (3), 11004 (2), 11101 (10), 11102 (10)
   11103 (7), 11103 (7), 11104 (3), 11105 (12), 11106 (3), 11201 (3), 11203 (7), 11204 (12), 11205 (1)
   11206 (6), 11206 (6), 11207 (11), 11208 (4), 11209 (10), 11210 (6), 11211 (15), 11212 (2)
   11213 (12), 11213 (12), 11214 (10), 11215 (1), 11216 (5), 11217 (3), 11218 (10), 11219 (18)
   11220 (6), 11220 (6), 11221 (2), 11222 (3), 11223 (12), 11224 (3), 11225 (5), 11226 (10), 11228 (1)
   11229 (9), 11229 (9), 11230 (15), 11231 (1), 11232 (1), 11233 (5), 11234 (5), 11235 (15), 11236 (10)
   11237 (8), 11237 (8), 11238 (1), 11239 (3), 11354 (5), 11355 (2), 11356 (2), 11357 (5), 11358 (4)
   11360 (3), 11360 (3), 11361 (3), 11362 (1), 11363 (1), 11364 (1), 11365 (2), 11366 (3), 11367 (7)
   11368 (8), 11368 (8), 11369 (3), 11370 (3), 11372 (10), 11373 (16), 11374 (1), 11375 (9), 11377 (15)
   11378 (1), 11378 (1), 11379 (6), 11385 (7), 11412 (5), 11413 (3), 11415 (2), 11416 (10), 11417 (7)
   11418 (8), 11418 (8), 11419 (2), 11420 (4), 11421 (6), 11422 (3), 11426 (7), 11427 (2), 11428 (1)
   11429 (2), 11429 (2), 11432 (7), 11433 (6), 11434 (5), 11435 (14), 11691 (13), 11693 (1), 11694 (5)
   11697 (1), 11697 (1)
