Comparison between:
  Old: d:/byzip/newyork/2021-01-02/data-by-modzcta.csv
  New: d:/byzip/newyork/2021-01-03/data-by-modzcta.csv
Headers are the same

Zip codes not changed: 10006, 10282, 11109

Zip codes with changes: 10001 (2), 10002 (17), 10003 (8), 10004 (1), 10005 (1), 10007 (2), 10009 (9)
   10010 (9), 10010 (9), 10011 (12), 10012 (5), 10013 (8), 10014 (2), 10016 (9), 10017 (6), 10018 (5)
   10019 (8), 10019 (8), 10021 (4), 10022 (9), 10023 (11), 10024 (8), 10025 (14), 10026 (9), 10027 (7)
   10028 (4), 10028 (4), 10029 (17), 10030 (6), 10031 (14), 10032 (21), 10033 (8), 10034 (12)
   10035 (10), 10035 (10), 10036 (5), 10037 (6), 10038 (6), 10039 (10), 10040 (11), 10044 (2)
   10065 (7), 10065 (7), 10069 (3), 10075 (9), 10128 (18), 10280 (1), 10301 (17), 10302 (16), 10303 (19)
   10304 (15), 10304 (15), 10305 (26), 10306 (32), 10307 (13), 10308 (19), 10309 (24), 10310 (21)
   10312 (42), 10312 (42), 10314 (52), 10451 (15), 10452 (22), 10453 (38), 10454 (10), 10455 (14)
   10456 (34), 10456 (34), 10457 (33), 10458 (27), 10459 (13), 10460 (20), 10461 (11), 10462 (20)
   10463 (30), 10463 (30), 10464 (1), 10465 (29), 10466 (20), 10467 (37), 10468 (24), 10469 (27)
   10470 (10), 10470 (10), 10471 (12), 10472 (32), 10473 (29), 10474 (6), 10475 (15), 11004 (3)
   11101 (15), 11101 (15), 11102 (6), 11103 (15), 11104 (13), 11105 (9), 11106 (11), 11201 (19)
   11203 (21), 11203 (21), 11204 (31), 11205 (1), 11206 (23), 11207 (33), 11208 (42), 11209 (23)
   11210 (15), 11210 (15), 11211 (26), 11212 (26), 11213 (27), 11214 (45), 11215 (8), 11216 (12)
   11217 (10), 11217 (10), 11218 (16), 11219 (19), 11220 (76), 11221 (20), 11222 (6), 11223 (22)
   11224 (17), 11224 (17), 11225 (14), 11226 (30), 11228 (17), 11229 (37), 11230 (30), 11231 (8)
   11232 (11), 11232 (11), 11233 (22), 11234 (29), 11235 (29), 11236 (30), 11237 (16), 11238 (11)
   11239 (8), 11239 (8), 11354 (25), 11355 (26), 11356 (12), 11357 (24), 11358 (15), 11360 (9)
   11361 (8), 11361 (8), 11362 (9), 11363 (1), 11364 (6), 11365 (17), 11366 (6), 11367 (11), 11368 (39)
   11369 (19), 11369 (19), 11370 (11), 11372 (25), 11373 (30), 11374 (14), 11375 (23), 11377 (35)
   11378 (7), 11378 (7), 11379 (11), 11385 (29), 11411 (7), 11412 (15), 11413 (9), 11414 (5)
   11415 (3), 11415 (3), 11416 (15), 11417 (26), 11418 (17), 11419 (29), 11420 (26), 11421 (15)
   11422 (10), 11422 (10), 11423 (20), 11426 (9), 11427 (10), 11428 (4), 11429 (7), 11432 (30)
   11433 (15), 11433 (15), 11434 (13), 11435 (27), 11436 (9), 11691 (21), 11692 (8), 11693 (7)
   11694 (8), 11694 (8), 11697 (1)
