Comparison between:
  Old: d:/byzip/newyork/2021-01-11/data-by-modzcta.csv
  New: d:/byzip/newyork/2021-01-12/data-by-modzcta.csv
Headers are the same

Zip codes not changed: 10282

Zip codes with changes: 10001 (17), 10002 (49), 10003 (17), 10004 (8), 10005 (5), 10006 (1)
   10007 (2), 10007 (2), 10009 (29), 10010 (12), 10011 (13), 10012 (4), 10013 (9), 10014 (5)
   10016 (18), 10016 (18), 10017 (5), 10018 (3), 10019 (6), 10021 (12), 10022 (11), 10023 (15)
   10024 (11), 10024 (11), 10025 (30), 10026 (22), 10027 (27), 10028 (24), 10029 (37), 10030 (16)
   10031 (22), 10031 (22), 10032 (35), 10033 (33), 10034 (26), 10035 (6), 10036 (10), 10037 (7)
   10038 (4), 10038 (4), 10039 (6), 10040 (23), 10044 (2), 10065 (2), 10069 (1), 10075 (6), 10128 (25)
   10280 (3), 10280 (3), 10301 (43), 10302 (21), 10303 (26), 10304 (34), 10305 (47), 10306 (61)
   10307 (23), 10307 (23), 10308 (30), 10309 (71), 10310 (21), 10312 (85), 10314 (80), 10451 (26)
   10452 (61), 10452 (61), 10453 (63), 10454 (23), 10455 (31), 10456 (49), 10457 (48), 10458 (57)
   10459 (43), 10459 (43), 10460 (34), 10461 (29), 10462 (45), 10463 (30), 10464 (2), 10465 (14)
   10466 (39), 10466 (39), 10467 (69), 10468 (52), 10469 (58), 10470 (8), 10471 (6), 10472 (47)
   10473 (44), 10473 (44), 10474 (11), 10475 (15), 11004 (10), 11101 (32), 11102 (13), 11103 (16)
   11104 (12), 11104 (12), 11105 (29), 11106 (15), 11109 (5), 11201 (16), 11203 (38), 11204 (50)
   11205 (8), 11205 (8), 11206 (35), 11207 (53), 11208 (74), 11209 (29), 11210 (32), 11211 (38)
   11212 (43), 11212 (43), 11213 (32), 11214 (59), 11215 (19), 11216 (29), 11217 (5), 11218 (56)
   11219 (53), 11219 (53), 11220 (81), 11221 (54), 11222 (23), 11223 (60), 11224 (37), 11225 (20)
   11226 (44), 11226 (44), 11228 (33), 11229 (66), 11230 (91), 11231 (20), 11232 (13), 11233 (27)
   11234 (35), 11234 (35), 11235 (70), 11236 (33), 11237 (19), 11238 (19), 11239 (11), 11354 (46)
   11355 (44), 11355 (44), 11356 (21), 11357 (26), 11358 (13), 11360 (9), 11361 (21), 11362 (6)
   11363 (1), 11363 (1), 11364 (17), 11365 (18), 11366 (5), 11367 (19), 11368 (67), 11369 (20)
   11370 (14), 11370 (14), 11372 (26), 11373 (52), 11374 (31), 11375 (36), 11377 (53), 11378 (38)
   11379 (30), 11379 (30), 11385 (105), 11411 (7), 11412 (16), 11413 (22), 11414 (27), 11415 (11)
   11416 (12), 11416 (12), 11417 (40), 11418 (22), 11419 (67), 11420 (49), 11421 (50), 11422 (23)
   11423 (16), 11423 (16), 11426 (9), 11427 (12), 11428 (13), 11429 (23), 11432 (48), 11433 (21)
   11434 (31), 11434 (31), 11435 (23), 11436 (5), 11691 (32), 11692 (10), 11693 (12), 11694 (10)
   11697 (4), 11697 (4)
