Comparison between:
  Old: d:/byzip/newyork/2021-01-24/data-by-modzcta.csv
  New: d:/byzip/newyork/2021-01-25/data-by-modzcta.csv
Headers are the same

Zip codes not changed: 10006, 10044, 10282, 11109

Zip codes with changes: 10001 (7), 10002 (47), 10003 (27), 10004 (2), 10005 (-1), 10007 (3)
   10009 (16), 10009 (16), 10010 (13), 10011 (8), 10012 (9), 10013 (10), 10014 (10), 10016 (14)
   10017 (4), 10017 (4), 10018 (2), 10019 (11), 10021 (10), 10022 (14), 10023 (12), 10024 (10)
   10025 (26), 10025 (26), 10026 (8), 10027 (21), 10028 (11), 10029 (26), 10030 (10), 10031 (28)
   10032 (40), 10032 (40), 10033 (28), 10034 (32), 10035 (20), 10036 (9), 10037 (6), 10038 (2)
   10039 (12), 10039 (12), 10040 (27), 10065 (9), 10069 (1), 10075 (11), 10128 (14), 10280 (-1)
   10301 (14), 10301 (14), 10302 (14), 10303 (11), 10304 (25), 10305 (41), 10306 (23), 10307 (9)
   10308 (14), 10308 (14), 10309 (22), 10310 (19), 10312 (34), 10314 (50), 10451 (18), 10452 (41)
   10453 (41), 10453 (41), 10454 (24), 10455 (22), 10456 (54), 10457 (60), 10458 (39), 10459 (41)
   10460 (51), 10460 (51), 10461 (27), 10462 (38), 10463 (44), 10464 (2), 10465 (17), 10466 (39)
   10467 (71), 10467 (71), 10468 (46), 10469 (43), 10470 (5), 10471 (10), 10472 (34), 10473 (47)
   10474 (4), 10474 (4), 10475 (19), 11004 (11), 11101 (8), 11102 (15), 11103 (15), 11104 (21)
   11105 (11), 11105 (11), 11106 (20), 11201 (15), 11203 (29), 11204 (22), 11205 (24), 11206 (23)
   11207 (53), 11207 (53), 11208 (57), 11209 (46), 11210 (10), 11211 (31), 11212 (67), 11213 (26)
   11214 (31), 11214 (31), 11215 (7), 11216 (27), 11217 (17), 11218 (31), 11219 (40), 11220 (56)
   11221 (35), 11221 (35), 11222 (6), 11223 (33), 11224 (26), 11225 (31), 11226 (24), 11228 (19)
   11229 (46), 11229 (46), 11230 (36), 11231 (11), 11232 (18), 11233 (25), 11234 (21), 11235 (59)
   11236 (23), 11236 (23), 11237 (13), 11238 (17), 11239 (6), 11354 (20), 11355 (45), 11356 (15)
   11357 (14), 11357 (14), 11358 (20), 11360 (11), 11361 (10), 11362 (4), 11363 (2), 11364 (8)
   11365 (14), 11365 (14), 11366 (6), 11367 (14), 11368 (46), 11369 (31), 11370 (19), 11372 (41)
   11373 (35), 11373 (35), 11374 (14), 11375 (18), 11377 (66), 11378 (3), 11379 (11), 11385 (39)
   11411 (4), 11411 (4), 11412 (16), 11413 (13), 11414 (30), 11415 (6), 11416 (21), 11417 (18)
   11418 (12), 11418 (12), 11419 (47), 11420 (39), 11421 (24), 11422 (23), 11423 (12), 11426 (6)
   11427 (13), 11427 (13), 11428 (8), 11429 (10), 11432 (37), 11433 (9), 11434 (34), 11435 (39)
   11436 (10), 11436 (10), 11691 (36), 11692 (10), 11693 (2), 11694 (20), 11697 (1)
