Comparison between:
  Old: d:/byzip/newyork/2021-03-13/data-by-modzcta.csv
  New: d:/byzip/newyork/2021-03-14/data-by-modzcta.csv
Headers are the same

Zip codes not changed: 10001, 10004, 10007, 10019, 10044, 10075, 10280, 11004, 11211, 11217
   11426, 11426

Zip codes with changes: 10002 (28), 10003 (15), 10005 (3), 10006 (2), 10009 (11), 10010 (8)
   10011 (23), 10011 (23), 10012 (6), 10013 (5), 10014 (7), 10016 (13), 10017 (3), 10018 (3)
   10021 (13), 10021 (13), 10022 (7), 10023 (19), 10024 (12), 10025 (19), 10026 (7), 10027 (12)
   10028 (9), 10028 (9), 10029 (16), 10030 (10), 10031 (13), 10032 (13), 10033 (14), 10034 (12)
   10035 (13), 10035 (13), 10036 (8), 10037 (5), 10038 (4), 10039 (5), 10040 (11), 10065 (2)
   10069 (1), 10069 (1), 10128 (10), 10282 (1), 10301 (10), 10302 (5), 10303 (10), 10304 (9)
   10305 (17), 10305 (17), 10306 (21), 10307 (8), 10308 (11), 10309 (26), 10310 (6), 10312 (19)
   10314 (30), 10314 (30), 10451 (7), 10452 (18), 10453 (15), 10454 (9), 10455 (5), 10456 (10)
   10457 (9), 10457 (9), 10458 (23), 10459 (17), 10460 (17), 10461 (13), 10462 (29), 10463 (10)
   10464 (3), 10464 (3), 10465 (14), 10466 (20), 10467 (21), 10468 (21), 10469 (17), 10470 (5)
   10471 (7), 10471 (7), 10472 (30), 10473 (23), 10474 (3), 10475 (4), 11101 (9), 11102 (16), 11103 (13)
   11104 (7), 11104 (7), 11105 (7), 11106 (14), 11109 (1), 11201 (11), 11203 (14), 11204 (17)
   11205 (16), 11205 (16), 11206 (21), 11207 (19), 11208 (18), 11209 (20), 11210 (25), 11212 (23)
   11213 (31), 11213 (31), 11214 (44), 11215 (9), 11216 (15), 11218 (14), 11219 (22), 11220 (46)
   11221 (27), 11221 (27), 11222 (13), 11223 (46), 11224 (21), 11225 (13), 11226 (27), 11228 (16)
   11229 (37), 11229 (37), 11230 (44), 11231 (6), 11232 (12), 11233 (18), 11234 (37), 11235 (39)
   11236 (29), 11236 (29), 11237 (3), 11238 (9), 11239 (13), 11354 (16), 11355 (18), 11356 (7)
   11357 (13), 11357 (13), 11358 (10), 11360 (8), 11361 (6), 11362 (2), 11363 (1), 11364 (6)
   11365 (13), 11365 (13), 11366 (7), 11367 (11), 11368 (14), 11369 (6), 11370 (8), 11372 (22)
   11373 (24), 11373 (24), 11374 (24), 11375 (18), 11377 (26), 11378 (16), 11379 (12), 11385 (50)
   11411 (4), 11411 (4), 11412 (8), 11413 (12), 11414 (3), 11415 (3), 11416 (8), 11417 (13), 11418 (18)
   11419 (18), 11419 (18), 11420 (18), 11421 (11), 11422 (9), 11423 (6), 11427 (4), 11428 (11)
   11429 (6), 11429 (6), 11432 (16), 11433 (7), 11434 (15), 11435 (14), 11436 (9), 11691 (14)
   11692 (6), 11692 (6), 11693 (-2), 11694 (4), 11697 (2)
