Comparison between:
  Old: d:/byzip/newyork/2020-11-23/data-by-modzcta.csv
  New: d:/byzip/newyork/2020-11-24/data-by-modzcta.csv
Headers are the same

Zip codes not changed: 10282, 10459, 10464, 10471, 11217, 11239, 11361, 11363, 11366, 11411
   11413, 11413, 11692

Zip codes with changes: 10001 (4), 10002 (9), 10003 (7), 10004 (1), 10005 (1), 10006 (2), 10007 (1)
   10009 (11), 10009 (11), 10010 (3), 10011 (3), 10012 (5), 10013 (4), 10014 (6), 10016 (5), 10017 (1)
   10018 (-1), 10018 (-1), 10019 (6), 10021 (3), 10022 (2), 10023 (8), 10024 (14), 10025 (10)
   10026 (2), 10026 (2), 10027 (8), 10028 (4), 10029 (10), 10030 (7), 10031 (9), 10032 (18), 10033 (10)
   10034 (7), 10034 (7), 10035 (3), 10036 (6), 10037 (2), 10038 (9), 10039 (2), 10040 (5), 10044 (1)
   10065 (5), 10065 (5), 10069 (1), 10075 (7), 10128 (9), 10280 (1), 10301 (9), 10302 (6), 10303 (11)
   10304 (17), 10304 (17), 10305 (10), 10306 (20), 10307 (3), 10308 (13), 10309 (13), 10310 (8)
   10312 (21), 10312 (21), 10314 (29), 10451 (11), 10452 (10), 10453 (15), 10454 (3), 10455 (7)
   10456 (7), 10456 (7), 10457 (13), 10458 (10), 10460 (7), 10461 (15), 10462 (8), 10463 (27)
   10465 (5), 10465 (5), 10466 (10), 10467 (18), 10468 (24), 10469 (9), 10470 (4), 10472 (12)
   10473 (7), 10473 (7), 10474 (1), 10475 (5), 11004 (5), 11101 (3), 11102 (6), 11103 (11), 11104 (3)
   11105 (6), 11105 (6), 11106 (10), 11109 (1), 11201 (10), 11203 (9), 11204 (16), 11205 (6)
   11206 (19), 11206 (19), 11207 (13), 11208 (13), 11209 (9), 11210 (6), 11211 (24), 11212 (11)
   11213 (12), 11213 (12), 11214 (13), 11215 (5), 11216 (7), 11218 (8), 11219 (10), 11220 (14)
   11221 (15), 11221 (15), 11222 (4), 11223 (19), 11224 (4), 11225 (8), 11226 (9), 11228 (7)
   11229 (11), 11229 (11), 11230 (15), 11231 (7), 11232 (8), 11233 (9), 11234 (11), 11235 (14)
   11236 (16), 11236 (16), 11237 (7), 11238 (7), 11354 (3), 11355 (3), 11356 (3), 11357 (2), 11358 (3)
   11360 (8), 11360 (8), 11362 (3), 11364 (5), 11365 (5), 11367 (4), 11368 (9), 11369 (6), 11370 (1)
   11372 (16), 11372 (16), 11373 (18), 11374 (9), 11375 (7), 11377 (19), 11378 (6), 11379 (14)
   11385 (21), 11385 (21), 11412 (5), 11414 (9), 11415 (2), 11416 (8), 11417 (6), 11418 (6), 11419 (7)
   11420 (3), 11420 (3), 11421 (8), 11422 (5), 11423 (4), 11426 (3), 11427 (4), 11428 (1), 11429 (11)
   11432 (12), 11432 (12), 11433 (5), 11434 (5), 11435 (7), 11436 (3), 11691 (16), 11693 (4)
   11694 (4), 11694 (4), 11697 (2)
