Comparison between:
  Old: d:/byzip/newyork/2021-02-05/data-by-modzcta.csv
  New: d:/byzip/newyork/2021-02-06/data-by-modzcta.csv
Headers are the same

Zip codes not changed: 10044, 10282

Zip codes with changes: 10001 (10), 10002 (43), 10003 (13), 10004 (2), 10005 (5), 10006 (2)
   10007 (2), 10007 (2), 10009 (25), 10010 (14), 10011 (17), 10012 (12), 10013 (19), 10014 (11)
   10016 (19), 10016 (19), 10017 (3), 10018 (3), 10019 (11), 10021 (10), 10022 (7), 10023 (21)
   10024 (15), 10024 (15), 10025 (35), 10026 (12), 10027 (38), 10028 (13), 10029 (42), 10030 (19)
   10031 (23), 10031 (23), 10032 (27), 10033 (25), 10034 (37), 10035 (15), 10036 (7), 10037 (10)
   10038 (3), 10038 (3), 10039 (11), 10040 (45), 10065 (6), 10069 (4), 10075 (8), 10128 (33), 10280 (1)
   10301 (19), 10301 (19), 10302 (8), 10303 (12), 10304 (39), 10305 (34), 10306 (37), 10307 (5)
   10308 (10), 10308 (10), 10309 (16), 10310 (14), 10312 (31), 10314 (49), 10451 (29), 10452 (44)
   10453 (43), 10453 (43), 10454 (34), 10455 (28), 10456 (44), 10457 (47), 10458 (52), 10459 (26)
   10460 (38), 10460 (38), 10461 (42), 10462 (66), 10463 (31), 10464 (2), 10465 (24), 10466 (44)
   10467 (67), 10467 (67), 10468 (46), 10469 (32), 10470 (11), 10471 (14), 10472 (50), 10473 (41)
   10474 (10), 10474 (10), 10475 (18), 11004 (4), 11101 (14), 11102 (15), 11103 (18), 11104 (12)
   11105 (13), 11105 (13), 11106 (12), 11109 (3), 11201 (8), 11203 (29), 11204 (48), 11205 (29)
   11206 (38), 11206 (38), 11207 (55), 11208 (65), 11209 (29), 11210 (20), 11211 (34), 11212 (37)
   11213 (42), 11213 (42), 11214 (41), 11215 (15), 11216 (21), 11217 (20), 11218 (36), 11219 (45)
   11220 (56), 11220 (56), 11221 (43), 11222 (15), 11223 (42), 11224 (30), 11225 (22), 11226 (34)
   11228 (16), 11228 (16), 11229 (68), 11230 (63), 11231 (8), 11232 (10), 11233 (22), 11234 (45)
   11235 (68), 11235 (68), 11236 (36), 11237 (32), 11238 (17), 11239 (15), 11354 (27), 11355 (45)
   11356 (9), 11356 (9), 11357 (17), 11358 (18), 11360 (13), 11361 (7), 11362 (8), 11363 (1)
   11364 (16), 11364 (16), 11365 (12), 11366 (9), 11367 (20), 11368 (61), 11369 (17), 11370 (22)
   11372 (33), 11372 (33), 11373 (31), 11374 (29), 11375 (24), 11377 (56), 11378 (19), 11379 (10)
   11385 (60), 11385 (60), 11411 (12), 11412 (16), 11413 (19), 11414 (15), 11415 (6), 11416 (8)
   11417 (15), 11417 (15), 11418 (35), 11419 (40), 11420 (40), 11421 (28), 11422 (18), 11423 (17)
   11426 (3), 11426 (3), 11427 (9), 11428 (5), 11429 (6), 11432 (35), 11433 (19), 11434 (24), 11435 (26)
   11436 (24), 11436 (24), 11691 (56), 11692 (17), 11693 (6), 11694 (13), 11697 (3)
