Comparison between:
  Old: d:/byzip/newyork/2021-01-17/data-by-modzcta.csv
  New: d:/byzip/newyork/2021-01-18/data-by-modzcta.csv
Headers are the same

Zip codes not changed: 10005, 10006

Zip codes with changes: 10001 (17), 10002 (38), 10003 (10), 10004 (1), 10007 (4), 10009 (19)
   10010 (16), 10010 (16), 10011 (18), 10012 (4), 10013 (18), 10014 (5), 10016 (22), 10017 (2)
   10018 (1), 10018 (1), 10019 (12), 10021 (9), 10022 (6), 10023 (15), 10024 (12), 10025 (11)
   10026 (9), 10026 (9), 10027 (17), 10028 (5), 10029 (22), 10030 (7), 10031 (28), 10032 (37)
   10033 (27), 10033 (27), 10034 (26), 10035 (15), 10036 (16), 10037 (10), 10038 (6), 10039 (7)
   10040 (36), 10040 (36), 10044 (5), 10065 (7), 10069 (1), 10075 (12), 10128 (17), 10280 (3)
   10282 (1), 10282 (1), 10301 (31), 10302 (11), 10303 (31), 10304 (43), 10305 (37), 10306 (42)
   10307 (20), 10307 (20), 10308 (18), 10309 (21), 10310 (19), 10312 (40), 10314 (63), 10451 (20)
   10452 (52), 10452 (52), 10453 (43), 10454 (33), 10455 (25), 10456 (51), 10457 (39), 10458 (36)
   10459 (31), 10459 (31), 10460 (36), 10461 (29), 10462 (54), 10463 (40), 10464 (3), 10465 (29)
   10466 (34), 10466 (34), 10467 (79), 10468 (60), 10469 (19), 10470 (15), 10471 (13), 10472 (51)
   10473 (31), 10473 (31), 10474 (6), 10475 (28), 11004 (4), 11101 (11), 11102 (13), 11103 (17)
   11104 (10), 11104 (10), 11105 (11), 11106 (11), 11109 (1), 11201 (18), 11203 (27), 11204 (41)
   11205 (12), 11205 (12), 11206 (33), 11207 (55), 11208 (66), 11209 (35), 11210 (33), 11211 (41)
   11212 (40), 11212 (40), 11213 (24), 11214 (61), 11215 (24), 11216 (18), 11217 (6), 11218 (31)
   11219 (47), 11219 (47), 11220 (87), 11221 (36), 11222 (14), 11223 (59), 11224 (31), 11225 (13)
   11226 (45), 11226 (45), 11228 (25), 11229 (41), 11230 (53), 11231 (10), 11232 (28), 11233 (22)
   11234 (37), 11234 (37), 11235 (74), 11236 (54), 11237 (23), 11238 (17), 11239 (16), 11354 (21)
   11355 (50), 11355 (50), 11356 (11), 11357 (11), 11358 (14), 11360 (10), 11361 (11), 11362 (8)
   11363 (4), 11363 (4), 11364 (7), 11365 (18), 11366 (8), 11367 (26), 11368 (73), 11369 (22)
   11370 (11), 11370 (11), 11372 (32), 11373 (41), 11374 (28), 11375 (33), 11377 (54), 11378 (20)
   11379 (19), 11379 (19), 11385 (51), 11411 (10), 11412 (20), 11413 (26), 11414 (23), 11415 (20)
   11416 (21), 11416 (21), 11417 (33), 11418 (22), 11419 (49), 11420 (46), 11421 (37), 11422 (14)
   11423 (18), 11423 (18), 11426 (22), 11427 (15), 11428 (7), 11429 (12), 11432 (30), 11433 (12)
   11434 (48), 11434 (48), 11435 (41), 11436 (11), 11691 (45), 11692 (6), 11693 (6), 11694 (9)
   11697 (1), 11697 (1)
