Comparison between:
  Old: d:/byzip/newyork/2021-03-07/data-by-modzcta.csv
  New: d:/byzip/newyork/2021-03-08/data-by-modzcta.csv
Headers are the same

Zip codes not changed: 10004, 10007, 10044, 10280, 10282, 11109

Zip codes with changes: 10001 (5), 10002 (14), 10003 (8), 10005 (3), 10006 (1), 10009 (8), 10010 (10)
   10011 (8), 10011 (8), 10012 (1), 10013 (4), 10014 (8), 10016 (14), 10017 (4), 10018 (1), 10019 (11)
   10021 (6), 10021 (6), 10022 (5), 10023 (12), 10024 (8), 10025 (16), 10026 (8), 10027 (6), 10028 (4)
   10029 (12), 10029 (12), 10030 (2), 10031 (11), 10032 (12), 10033 (11), 10034 (10), 10035 (5)
   10036 (3), 10036 (3), 10037 (3), 10038 (3), 10039 (5), 10040 (12), 10065 (6), 10069 (2), 10075 (8)
   10128 (10), 10128 (10), 10301 (12), 10302 (6), 10303 (14), 10304 (20), 10305 (15), 10306 (18)
   10307 (9), 10307 (9), 10308 (6), 10309 (11), 10310 (6), 10312 (16), 10314 (22), 10451 (6)
   10452 (16), 10452 (16), 10453 (23), 10454 (6), 10455 (7), 10456 (19), 10457 (15), 10458 (17)
   10459 (10), 10459 (10), 10460 (16), 10461 (13), 10462 (16), 10463 (13), 10464 (1), 10465 (13)
   10466 (12), 10466 (12), 10467 (22), 10468 (13), 10469 (11), 10470 (3), 10471 (5), 10472 (15)
   10473 (14), 10473 (14), 10474 (4), 10475 (7), 11004 (1), 11101 (11), 11102 (10), 11103 (9)
   11104 (10), 11104 (10), 11105 (19), 11106 (7), 11201 (8), 11203 (17), 11204 (25), 11205 (11)
   11206 (22), 11206 (22), 11207 (12), 11208 (16), 11209 (12), 11210 (7), 11211 (21), 11212 (24)
   11213 (13), 11213 (13), 11214 (25), 11215 (3), 11216 (6), 11217 (3), 11218 (18), 11219 (26)
   11220 (26), 11220 (26), 11221 (25), 11222 (15), 11223 (20), 11224 (8), 11225 (11), 11226 (17)
   11228 (12), 11228 (12), 11229 (19), 11230 (16), 11231 (4), 11232 (7), 11233 (15), 11234 (17)
   11235 (28), 11235 (28), 11236 (20), 11237 (12), 11238 (11), 11239 (10), 11354 (15), 11355 (27)
   11356 (4), 11356 (4), 11357 (13), 11358 (6), 11360 (3), 11361 (3), 11362 (3), 11363 (1), 11364 (7)
   11365 (16), 11365 (16), 11366 (5), 11367 (8), 11368 (18), 11369 (2), 11370 (18), 11372 (21)
   11373 (19), 11373 (19), 11374 (5), 11375 (19), 11377 (20), 11378 (7), 11379 (15), 11385 (20)
   11411 (4), 11411 (4), 11412 (8), 11413 (8), 11414 (4), 11415 (5), 11416 (22), 11417 (7), 11418 (13)
   11419 (19), 11419 (19), 11420 (19), 11421 (16), 11422 (3), 11423 (6), 11426 (3), 11427 (9)
   11428 (8), 11428 (8), 11429 (9), 11432 (23), 11433 (5), 11434 (21), 11435 (24), 11436 (1)
   11691 (20), 11691 (20), 11692 (2), 11693 (1), 11694 (6), 11697 (1)
