Comparison between:
  Old: d:/byzip/newyork/2020-12-28/data-by-modzcta.csv
  New: d:/byzip/newyork/2020-12-29/data-by-modzcta.csv
Headers are the same

Zip codes not changed: 10282, 11109

Zip codes with changes: 10001 (4), 10002 (41), 10003 (10), 10004 (1), 10005 (2), 10006 (2), 10007 (2)
   10009 (12), 10009 (12), 10010 (4), 10011 (6), 10012 (4), 10013 (10), 10014 (7), 10016 (7)
   10017 (1), 10017 (1), 10018 (3), 10019 (10), 10021 (9), 10022 (8), 10023 (5), 10024 (17), 10025 (30)
   10026 (14), 10026 (14), 10027 (13), 10028 (12), 10029 (21), 10030 (7), 10031 (25), 10032 (35)
   10033 (29), 10033 (29), 10034 (27), 10035 (12), 10036 (5), 10037 (7), 10038 (10), 10039 (10)
   10040 (23), 10040 (23), 10044 (6), 10065 (7), 10069 (1), 10075 (5), 10128 (15), 10280 (5)
   10301 (37), 10301 (37), 10302 (12), 10303 (14), 10304 (39), 10305 (44), 10306 (58), 10307 (12)
   10308 (26), 10308 (26), 10309 (31), 10310 (35), 10312 (50), 10314 (79), 10451 (20), 10452 (22)
   10453 (42), 10453 (42), 10454 (26), 10455 (20), 10456 (35), 10457 (30), 10458 (32), 10459 (15)
   10460 (20), 10460 (20), 10461 (32), 10462 (38), 10463 (30), 10464 (5), 10465 (23), 10466 (23)
   10467 (41), 10467 (41), 10468 (46), 10469 (33), 10470 (15), 10471 (20), 10472 (41), 10473 (27)
   10474 (10), 10474 (10), 10475 (19), 11004 (9), 11101 (18), 11102 (14), 11103 (14), 11104 (11)
   11105 (12), 11105 (12), 11106 (4), 11201 (14), 11203 (31), 11204 (43), 11205 (6), 11206 (22)
   11207 (33), 11207 (33), 11208 (47), 11209 (50), 11210 (19), 11211 (23), 11212 (28), 11213 (22)
   11214 (60), 11214 (60), 11215 (26), 11216 (18), 11217 (3), 11218 (46), 11219 (42), 11220 (85)
   11221 (26), 11221 (26), 11222 (6), 11223 (59), 11224 (24), 11225 (13), 11226 (37), 11228 (38)
   11229 (53), 11229 (53), 11230 (65), 11231 (11), 11232 (24), 11233 (18), 11234 (37), 11235 (60)
   11236 (33), 11236 (33), 11237 (17), 11238 (10), 11239 (10), 11354 (28), 11355 (65), 11356 (15)
   11357 (14), 11357 (14), 11358 (16), 11360 (2), 11361 (9), 11362 (3), 11363 (4), 11364 (14)
   11365 (27), 11365 (27), 11366 (2), 11367 (20), 11368 (56), 11369 (26), 11370 (18), 11372 (28)
   11373 (49), 11373 (49), 11374 (32), 11375 (26), 11377 (61), 11378 (19), 11379 (9), 11385 (67)
   11411 (4), 11411 (4), 11412 (16), 11413 (15), 11414 (13), 11415 (6), 11416 (12), 11417 (17)
   11418 (20), 11418 (20), 11419 (45), 11420 (30), 11421 (28), 11422 (16), 11423 (26), 11426 (12)
   11427 (10), 11427 (10), 11428 (6), 11429 (10), 11432 (35), 11433 (13), 11434 (18), 11435 (24)
   11436 (11), 11436 (11), 11691 (43), 11692 (3), 11693 (6), 11694 (3), 11697 (2)
