Comparison between:
  Old: d:/byzip/newyork/2020-10-17/data-by-modzcta.csv
  New: d:/byzip/newyork/2020-10-18/data-by-modzcta.csv
Headers are the same

Zip codes not changed: 10001, 10004, 10005, 10006, 10007, 10012, 10018, 10036, 10040, 10044
   10069, 10069, 10128, 10280, 10282, 10307, 10451, 10454, 10455, 10464, 10471, 10474, 11004
   11104, 11104, 11109, 11357, 11360, 11361, 11362, 11366, 11378, 11412, 11414, 11420, 11422
   11426, 11426, 11434, 11436, 11692

Zip codes with changes: 10002 (4), 10003 (3), 10009 (3), 10010 (1), 10011 (3), 10013 (1), 10014 (1)
   10016 (2), 10016 (2), 10017 (1), 10019 (1), 10021 (3), 10022 (4), 10023 (4), 10024 (2), 10025 (2)
   10026 (2), 10026 (2), 10027 (6), 10028 (4), 10029 (4), 10030 (2), 10031 (7), 10032 (2), 10033 (7)
   10034 (1), 10034 (1), 10035 (2), 10037 (1), 10038 (1), 10039 (1), 10065 (1), 10075 (2), 10301 (4)
   10302 (1), 10302 (1), 10303 (1), 10304 (-1), 10305 (6), 10306 (5), 10308 (1), 10309 (-1), 10310 (1)
   10312 (-1), 10312 (-1), 10314 (3), 10452 (6), 10453 (7), 10456 (8), 10457 (1), 10458 (7), 10459 (3)
   10460 (2), 10460 (2), 10461 (3), 10462 (12), 10463 (6), 10465 (10), 10466 (3), 10467 (5), 10468 (5)
   10469 (2), 10469 (2), 10470 (1), 10472 (8), 10473 (7), 10475 (2), 11101 (1), 11102 (1), 11103 (1)
   11105 (1), 11105 (1), 11106 (3), 11201 (2), 11203 (6), 11204 (14), 11205 (2), 11206 (2), 11207 (4)
   11208 (6), 11208 (6), 11209 (2), 11210 (17), 11211 (5), 11212 (3), 11213 (3), 11214 (6), 11215 (3)
   11216 (3), 11216 (3), 11217 (2), 11218 (2), 11219 (12), 11220 (3), 11221 (3), 11222 (1), 11223 (11)
   11224 (5), 11224 (5), 11225 (3), 11226 (4), 11228 (2), 11229 (8), 11230 (16), 11231 (1), 11232 (1)
   11233 (4), 11233 (4), 11234 (3), 11235 (21), 11236 (4), 11237 (2), 11238 (2), 11239 (1), 11354 (3)
   11355 (1), 11355 (1), 11356 (1), 11358 (1), 11363 (1), 11364 (1), 11365 (2), 11367 (1), 11368 (1)
   11369 (4), 11369 (4), 11370 (3), 11372 (8), 11373 (4), 11374 (2), 11375 (3), 11377 (7), 11379 (4)
   11385 (2), 11385 (2), 11411 (2), 11413 (2), 11415 (2), 11416 (11), 11417 (2), 11418 (1), 11419 (5)
   11421 (1), 11421 (1), 11423 (2), 11427 (3), 11428 (1), 11429 (1), 11432 (2), 11433 (2), 11435 (1)
   11691 (8), 11691 (8), 11693 (1), 11694 (1), 11697 (1)
