Comparison between:
  Old: d:/byzip/newyork/2021-02-08/data-by-modzcta.csv
  New: d:/byzip/newyork/2021-02-09/data-by-modzcta.csv
Headers are the same

Zip codes not changed: 10004, 10006, 11109, 11697

Zip codes with changes: 10001 (6), 10002 (38), 10003 (7), 10005 (1), 10007 (4), 10009 (9), 10010 (6)
   10011 (13), 10011 (13), 10012 (4), 10013 (3), 10014 (4), 10016 (8), 10017 (1), 10018 (2), 10019 (12)
   10021 (7), 10021 (7), 10022 (3), 10023 (17), 10024 (13), 10025 (31), 10026 (13), 10027 (16)
   10028 (10), 10028 (10), 10029 (47), 10030 (12), 10031 (15), 10032 (9), 10033 (19), 10034 (20)
   10035 (17), 10035 (17), 10036 (8), 10037 (8), 10038 (8), 10039 (6), 10040 (25), 10044 (2)
   10065 (5), 10065 (5), 10069 (4), 10075 (7), 10128 (6), 10280 (2), 10282 (2), 10301 (14), 10302 (6)
   10303 (8), 10303 (8), 10304 (22), 10305 (30), 10306 (34), 10307 (11), 10308 (13), 10309 (9)
   10310 (7), 10310 (7), 10312 (28), 10314 (40), 10451 (25), 10452 (47), 10453 (38), 10454 (21)
   10455 (26), 10455 (26), 10456 (74), 10457 (39), 10458 (44), 10459 (29), 10460 (37), 10461 (38)
   10462 (46), 10462 (46), 10463 (30), 10464 (1), 10465 (44), 10466 (35), 10467 (57), 10468 (64)
   10469 (15), 10469 (15), 10470 (4), 10471 (14), 10472 (41), 10473 (32), 10474 (8), 10475 (14)
   11004 (8), 11004 (8), 11101 (15), 11102 (11), 11103 (17), 11104 (17), 11105 (13), 11106 (15)
   11201 (15), 11201 (15), 11203 (22), 11204 (38), 11205 (11), 11206 (58), 11207 (47), 11208 (77)
   11209 (20), 11209 (20), 11210 (25), 11211 (27), 11212 (30), 11213 (24), 11214 (49), 11215 (12)
   11216 (18), 11216 (18), 11217 (4), 11218 (30), 11219 (22), 11220 (42), 11221 (31), 11222 (21)
   11223 (58), 11223 (58), 11224 (48), 11225 (28), 11226 (48), 11228 (16), 11229 (39), 11230 (54)
   11231 (9), 11231 (9), 11232 (25), 11233 (25), 11234 (22), 11235 (63), 11236 (31), 11237 (14)
   11238 (11), 11238 (11), 11239 (6), 11354 (32), 11355 (48), 11356 (12), 11357 (18), 11358 (12)
   11360 (3), 11360 (3), 11361 (6), 11362 (2), 11363 (3), 11364 (9), 11365 (12), 11366 (3), 11367 (16)
   11368 (52), 11368 (52), 11369 (24), 11370 (15), 11372 (25), 11373 (36), 11374 (18), 11375 (19)
   11377 (52), 11377 (52), 11378 (32), 11379 (27), 11385 (75), 11411 (10), 11412 (21), 11413 (17)
   11414 (15), 11414 (15), 11415 (6), 11416 (6), 11417 (19), 11418 (31), 11419 (31), 11420 (26)
   11421 (37), 11421 (37), 11422 (19), 11423 (14), 11426 (9), 11427 (8), 11428 (12), 11429 (10)
   11432 (29), 11432 (29), 11433 (22), 11434 (31), 11435 (34), 11436 (9), 11691 (22), 11692 (4)
   11693 (6), 11693 (6), 11694 (7)
