Comparison between:
  Old: d:/byzip/newyork/2020-12-26/data-by-modzcta.csv
  New: d:/byzip/newyork/2020-12-27/data-by-modzcta.csv
Headers are the same

Zip codes not changed: 10004, 10005, 10006, 10044, 10282

Zip codes with changes: 10001 (3), 10002 (39), 10003 (8), 10007 (1), 10009 (6), 10010 (8), 10011 (15)
   10012 (9), 10012 (9), 10013 (7), 10014 (3), 10016 (11), 10017 (3), 10018 (4), 10019 (7), 10021 (12)
   10022 (2), 10022 (2), 10023 (11), 10024 (11), 10025 (22), 10026 (13), 10027 (7), 10028 (10)
   10029 (12), 10029 (12), 10030 (6), 10031 (11), 10032 (17), 10033 (16), 10034 (16), 10035 (6)
   10036 (11), 10036 (11), 10037 (8), 10038 (3), 10039 (6), 10040 (12), 10065 (5), 10069 (2)
   10075 (5), 10075 (5), 10128 (14), 10280 (4), 10301 (3), 10302 (2), 10303 (6), 10304 (17), 10305 (17)
   10306 (25), 10306 (25), 10307 (7), 10308 (5), 10309 (18), 10310 (4), 10312 (29), 10314 (46)
   10451 (16), 10451 (16), 10452 (26), 10453 (29), 10454 (12), 10455 (9), 10456 (24), 10457 (20)
   10458 (33), 10458 (33), 10459 (12), 10460 (20), 10461 (16), 10462 (17), 10463 (11), 10464 (1)
   10465 (22), 10465 (22), 10466 (5), 10467 (22), 10468 (19), 10469 (19), 10470 (7), 10471 (13)
   10472 (37), 10472 (37), 10473 (27), 10474 (4), 10475 (6), 11004 (6), 11101 (10), 11102 (10)
   11103 (19), 11103 (19), 11104 (10), 11105 (12), 11106 (9), 11109 (4), 11201 (11), 11203 (21)
   11204 (43), 11204 (43), 11205 (7), 11206 (21), 11207 (19), 11208 (25), 11209 (16), 11210 (10)
   11211 (24), 11211 (24), 11212 (22), 11213 (21), 11214 (63), 11215 (9), 11216 (10), 11217 (1)
   11218 (21), 11218 (21), 11219 (33), 11220 (34), 11221 (18), 11222 (9), 11223 (39), 11224 (11)
   11225 (10), 11225 (10), 11226 (20), 11228 (13), 11229 (24), 11230 (48), 11231 (9), 11232 (3)
   11233 (14), 11233 (14), 11234 (36), 11235 (48), 11236 (17), 11237 (12), 11238 (6), 11239 (1)
   11354 (12), 11354 (12), 11355 (29), 11356 (3), 11357 (15), 11358 (9), 11360 (4), 11361 (6)
   11362 (4), 11362 (4), 11363 (4), 11364 (5), 11365 (19), 11366 (5), 11367 (10), 11368 (30), 11369 (11)
   11370 (14), 11370 (14), 11372 (22), 11373 (31), 11374 (18), 11375 (12), 11377 (40), 11378 (15)
   11379 (13), 11379 (13), 11385 (34), 11411 (4), 11412 (18), 11413 (12), 11414 (8), 11415 (8)
   11416 (9), 11416 (9), 11417 (14), 11418 (13), 11419 (17), 11420 (24), 11421 (5), 11422 (9)
   11423 (5), 11423 (5), 11426 (6), 11427 (10), 11428 (7), 11429 (12), 11432 (28), 11433 (15)
   11434 (20), 11434 (20), 11435 (18), 11436 (4), 11691 (42), 11692 (10), 11693 (7), 11694 (12)
   11697 (3), 11697 (3)
