Comparison between:
  Old: d:/byzip/newyork/2021-02-07/data-by-modzcta.csv
  New: d:/byzip/newyork/2021-02-08/data-by-modzcta.csv
Headers are the same

Zip codes not changed: 10005, 10006, 10018, 10280, 11363

Zip codes with changes: 10001 (11), 10002 (29), 10003 (18), 10004 (2), 10007 (3), 10009 (25)
   10010 (7), 10010 (7), 10011 (12), 10012 (8), 10013 (11), 10014 (3), 10016 (11), 10017 (4)
   10019 (3), 10019 (3), 10021 (9), 10022 (14), 10023 (15), 10024 (9), 10025 (21), 10026 (28)
   10027 (25), 10027 (25), 10028 (8), 10029 (41), 10030 (11), 10031 (21), 10032 (27), 10033 (21)
   10034 (23), 10034 (23), 10035 (14), 10036 (2), 10037 (8), 10038 (8), 10039 (9), 10040 (24)
   10044 (2), 10044 (2), 10065 (9), 10069 (2), 10075 (5), 10128 (9), 10282 (1), 10301 (18), 10302 (8)
   10303 (11), 10303 (11), 10304 (28), 10305 (36), 10306 (32), 10307 (4), 10308 (17), 10309 (15)
   10310 (11), 10310 (11), 10312 (31), 10314 (45), 10451 (46), 10452 (38), 10453 (62), 10454 (27)
   10455 (31), 10455 (31), 10456 (53), 10457 (33), 10458 (61), 10459 (17), 10460 (43), 10461 (30)
   10462 (55), 10462 (55), 10463 (41), 10464 (3), 10465 (26), 10466 (39), 10467 (77), 10468 (64)
   10469 (31), 10469 (31), 10470 (10), 10471 (14), 10472 (39), 10473 (40), 10474 (8), 10475 (9)
   11004 (6), 11004 (6), 11101 (13), 11102 (17), 11103 (14), 11104 (19), 11105 (5), 11106 (18)
   11109 (1), 11109 (1), 11201 (18), 11203 (22), 11204 (31), 11205 (24), 11206 (52), 11207 (55)
   11208 (67), 11208 (67), 11209 (23), 11210 (19), 11211 (42), 11212 (45), 11213 (29), 11214 (50)
   11215 (14), 11215 (14), 11216 (24), 11217 (19), 11218 (21), 11219 (23), 11220 (35), 11221 (33)
   11222 (10), 11222 (10), 11223 (39), 11224 (35), 11225 (19), 11226 (39), 11228 (15), 11229 (50)
   11230 (50), 11230 (50), 11231 (5), 11232 (52), 11233 (33), 11234 (36), 11235 (52), 11236 (43)
   11237 (24), 11237 (24), 11238 (23), 11239 (8), 11354 (21), 11355 (68), 11356 (8), 11357 (28)
   11358 (16), 11358 (16), 11360 (8), 11361 (8), 11362 (3), 11364 (14), 11365 (29), 11366 (1)
   11367 (17), 11367 (17), 11368 (52), 11369 (20), 11370 (19), 11372 (32), 11373 (64), 11374 (20)
   11375 (25), 11375 (25), 11377 (72), 11378 (26), 11379 (15), 11385 (54), 11411 (9), 11412 (15)
   11413 (13), 11413 (13), 11414 (18), 11415 (15), 11416 (16), 11417 (14), 11418 (17), 11419 (47)
   11420 (44), 11420 (44), 11421 (24), 11422 (19), 11423 (14), 11426 (9), 11427 (9), 11428 (5)
   11429 (8), 11429 (8), 11432 (31), 11433 (21), 11434 (27), 11435 (23), 11436 (3), 11691 (33)
   11692 (7), 11692 (7), 11693 (6), 11694 (2), 11697 (5)
