Comparison between:
  Old: d:/byzip/newyork/2021-01-29/data-by-modzcta.csv
  New: d:/byzip/newyork/2021-01-30/data-by-modzcta.csv
Headers are the same


Zip codes with changes: 10001 (14), 10002 (25), 10003 (24), 10004 (4), 10005 (3), 10006 (1)
   10007 (2), 10007 (2), 10009 (28), 10010 (13), 10011 (22), 10012 (8), 10013 (17), 10014 (16)
   10016 (16), 10016 (16), 10017 (5), 10018 (1), 10019 (26), 10021 (12), 10022 (15), 10023 (25)
   10024 (14), 10024 (14), 10025 (37), 10026 (21), 10027 (20), 10028 (14), 10029 (51), 10030 (12)
   10031 (48), 10031 (48), 10032 (31), 10033 (23), 10034 (26), 10035 (15), 10036 (18), 10037 (4)
   10038 (17), 10038 (17), 10039 (14), 10040 (21), 10044 (3), 10065 (8), 10069 (3), 10075 (8)
   10128 (20), 10128 (20), 10280 (1), 10282 (3), 10301 (23), 10302 (11), 10303 (23), 10304 (34)
   10305 (32), 10305 (32), 10306 (38), 10307 (6), 10308 (15), 10309 (17), 10310 (10), 10312 (22)
   10314 (64), 10314 (64), 10451 (20), 10452 (52), 10453 (61), 10454 (23), 10455 (25), 10456 (70)
   10457 (77), 10457 (77), 10458 (57), 10459 (36), 10460 (65), 10461 (44), 10462 (66), 10463 (47)
   10464 (1), 10464 (1), 10465 (37), 10466 (54), 10467 (72), 10468 (58), 10469 (28), 10470 (9)
   10471 (8), 10471 (8), 10472 (41), 10473 (40), 10474 (8), 10475 (22), 11004 (7), 11101 (21)
   11102 (17), 11102 (17), 11103 (19), 11104 (16), 11105 (22), 11106 (20), 11109 (1), 11201 (34)
   11203 (31), 11203 (31), 11204 (46), 11205 (15), 11206 (50), 11207 (62), 11208 (83), 11209 (45)
   11210 (32), 11210 (32), 11211 (58), 11212 (47), 11213 (29), 11214 (66), 11215 (29), 11216 (25)
   11217 (16), 11217 (16), 11218 (36), 11219 (35), 11220 (39), 11221 (60), 11222 (24), 11223 (106)
   11224 (40), 11224 (40), 11225 (40), 11226 (41), 11228 (24), 11229 (79), 11230 (103), 11231 (9)
   11232 (26), 11232 (26), 11233 (36), 11234 (47), 11235 (97), 11236 (56), 11237 (34), 11238 (28)
   11239 (12), 11239 (12), 11354 (33), 11355 (84), 11356 (9), 11357 (32), 11358 (20), 11360 (15)
   11361 (16), 11361 (16), 11362 (9), 11363 (4), 11364 (23), 11365 (20), 11366 (10), 11367 (23)
   11368 (61), 11368 (61), 11369 (34), 11370 (26), 11372 (66), 11373 (79), 11374 (26), 11375 (28)
   11377 (62), 11377 (62), 11378 (19), 11379 (23), 11385 (72), 11411 (13), 11412 (26), 11413 (18)
   11414 (11), 11414 (11), 11415 (11), 11416 (20), 11417 (39), 11418 (30), 11419 (46), 11420 (50)
   11421 (43), 11421 (43), 11422 (17), 11423 (18), 11426 (6), 11427 (9), 11428 (10), 11429 (20)
   11432 (35), 11432 (35), 11433 (22), 11434 (30), 11435 (44), 11436 (17), 11691 (29), 11692 (14)
   11693 (7), 11693 (7), 11694 (8), 11697 (2)
