Comparison between:
  Old: d:/byzip/newyork/2020-10-24/data-by-modzcta.csv
  New: d:/byzip/newyork/2020-10-25/data-by-modzcta.csv
Headers are the same

Zip codes not changed: 10004, 10006, 10010, 10018, 10019, 10023, 10027, 10031, 10036, 10038
   10044, 10044, 10069, 10280, 10282, 10304, 10307, 10464, 10472, 11101, 11104, 11215, 11217
   11226, 11226, 11231, 11360, 11363, 11369, 11379, 11411, 11415, 11418, 11692, 11694, 11697
   

Zip codes with changes: 10001 (-2), 10002 (-1), 10003 (1), 10005 (-1), 10007 (-1), 10009 (3)
   10011 (-4), 10011 (-4), 10012 (1), 10013 (-1), 10014 (5), 10016 (-2), 10017 (3), 10021 (2)
   10022 (-2), 10022 (-2), 10024 (-1), 10025 (3), 10026 (2), 10028 (2), 10029 (5), 10030 (3)
   10032 (3), 10032 (3), 10033 (6), 10034 (3), 10035 (4), 10037 (1), 10039 (2), 10040 (5), 10065 (1)
   10075 (1), 10075 (1), 10128 (3), 10301 (4), 10302 (2), 10303 (-1), 10305 (2), 10306 (1), 10308 (1)
   10309 (2), 10309 (2), 10310 (2), 10312 (7), 10314 (7), 10451 (3), 10452 (3), 10453 (5), 10454 (3)
   10455 (2), 10455 (2), 10456 (4), 10457 (4), 10458 (3), 10459 (4), 10460 (-1), 10461 (9), 10462 (4)
   10463 (2), 10463 (2), 10465 (2), 10466 (3), 10467 (5), 10468 (5), 10469 (4), 10470 (1), 10471 (1)
   10473 (8), 10473 (8), 10474 (1), 10475 (1), 11004 (1), 11102 (1), 11103 (3), 11105 (4), 11106 (-2)
   11109 (-1), 11109 (-1), 11201 (1), 11203 (3), 11204 (7), 11205 (2), 11206 (7), 11207 (7), 11208 (9)
   11209 (-6), 11209 (-6), 11210 (2), 11211 (17), 11212 (3), 11213 (4), 11214 (2), 11216 (2)
   11218 (3), 11218 (3), 11219 (12), 11220 (8), 11221 (5), 11222 (1), 11223 (-3), 11224 (4), 11225 (1)
   11228 (1), 11228 (1), 11229 (1), 11230 (8), 11232 (2), 11233 (-1), 11234 (7), 11235 (3), 11236 (6)
   11237 (-1), 11237 (-1), 11238 (1), 11239 (1), 11354 (-2), 11355 (2), 11356 (2), 11357 (-3)
   11358 (-1), 11358 (-1), 11361 (-3), 11362 (2), 11364 (-1), 11365 (1), 11366 (1), 11367 (-1)
   11368 (4), 11368 (4), 11370 (2), 11372 (10), 11373 (13), 11374 (3), 11375 (4), 11377 (9), 11378 (5)
   11385 (2), 11385 (2), 11412 (2), 11413 (1), 11414 (2), 11416 (2), 11417 (1), 11419 (1), 11420 (3)
   11421 (2), 11421 (2), 11422 (-1), 11423 (2), 11426 (-1), 11427 (-2), 11428 (-1), 11429 (-1)
   11432 (3), 11432 (3), 11433 (1), 11434 (3), 11435 (1), 11436 (1), 11691 (5), 11693 (2)
