Comparison between:
  Old: d:/byzip/newyork/2021-01-28/data-by-modzcta.csv
  New: d:/byzip/newyork/2021-01-29/data-by-modzcta.csv
Headers are the same

Zip codes not changed: 10004, 10069, 10464, 11109

Zip codes with changes: 10001 (5), 10002 (37), 10003 (30), 10005 (1), 10006 (1), 10007 (2), 10009 (27)
   10010 (8), 10010 (8), 10011 (16), 10012 (11), 10013 (13), 10014 (6), 10016 (14), 10017 (11)
   10018 (4), 10018 (4), 10019 (14), 10021 (13), 10022 (8), 10023 (14), 10024 (13), 10025 (29)
   10026 (23), 10026 (23), 10027 (37), 10028 (17), 10029 (34), 10030 (23), 10031 (21), 10032 (31)
   10033 (26), 10033 (26), 10034 (26), 10035 (22), 10036 (29), 10037 (10), 10038 (7), 10039 (14)
   10040 (29), 10040 (29), 10044 (2), 10065 (14), 10075 (12), 10128 (17), 10280 (3), 10282 (2)
   10301 (27), 10301 (27), 10302 (9), 10303 (15), 10304 (31), 10305 (33), 10306 (47), 10307 (7)
   10308 (23), 10308 (23), 10309 (22), 10310 (9), 10312 (31), 10314 (54), 10451 (35), 10452 (54)
   10453 (65), 10453 (65), 10454 (30), 10455 (22), 10456 (60), 10457 (43), 10458 (65), 10459 (38)
   10460 (56), 10460 (56), 10461 (41), 10462 (54), 10463 (39), 10465 (27), 10466 (53), 10467 (89)
   10468 (48), 10468 (48), 10469 (35), 10470 (16), 10471 (8), 10472 (33), 10473 (54), 10474 (11)
   10475 (16), 10475 (16), 11004 (7), 11101 (17), 11102 (24), 11103 (14), 11104 (17), 11105 (8)
   11106 (21), 11106 (21), 11201 (17), 11203 (26), 11204 (39), 11205 (15), 11206 (47), 11207 (64)
   11208 (56), 11208 (56), 11209 (40), 11210 (32), 11211 (61), 11212 (53), 11213 (26), 11214 (51)
   11215 (18), 11215 (18), 11216 (28), 11217 (14), 11218 (38), 11219 (31), 11220 (57), 11221 (34)
   11222 (23), 11222 (23), 11223 (47), 11224 (46), 11225 (25), 11226 (29), 11228 (21), 11229 (51)
   11230 (49), 11230 (49), 11231 (10), 11232 (19), 11233 (32), 11234 (40), 11235 (71), 11236 (35)
   11237 (19), 11237 (19), 11238 (24), 11239 (10), 11354 (29), 11355 (63), 11356 (17), 11357 (25)
   11358 (18), 11358 (18), 11360 (10), 11361 (11), 11362 (9), 11363 (1), 11364 (19), 11365 (15)
   11366 (5), 11366 (5), 11367 (31), 11368 (48), 11369 (31), 11370 (10), 11372 (46), 11373 (68)
   11374 (34), 11374 (34), 11375 (45), 11377 (58), 11378 (17), 11379 (8), 11385 (48), 11411 (7)
   11412 (21), 11412 (21), 11413 (19), 11414 (27), 11415 (12), 11416 (22), 11417 (25), 11418 (25)
   11419 (49), 11419 (49), 11420 (33), 11421 (28), 11422 (13), 11423 (19), 11426 (10), 11427 (20)
   11428 (9), 11428 (9), 11429 (17), 11432 (36), 11433 (25), 11434 (35), 11435 (42), 11436 (15)
   11691 (32), 11691 (32), 11692 (8), 11693 (9), 11694 (12), 11697 (3)
