Comparison between:
  Old: d:/byzip/newyork/2021-02-11/data-by-modzcta.csv
  New: d:/byzip/newyork/2021-02-12/data-by-modzcta.csv
Headers are the same

Zip codes not changed: 10006, 10069, 10464, 11697

Zip codes with changes: 10001 (12), 10002 (26), 10003 (11), 10004 (2), 10005 (1), 10007 (1)
   10009 (19), 10009 (19), 10010 (7), 10011 (19), 10012 (3), 10013 (9), 10014 (6), 10016 (17)
   10017 (4), 10017 (4), 10018 (2), 10019 (10), 10021 (12), 10022 (4), 10023 (12), 10024 (10)
   10025 (22), 10025 (22), 10026 (12), 10027 (11), 10028 (6), 10029 (45), 10030 (8), 10031 (19)
   10032 (23), 10032 (23), 10033 (15), 10034 (22), 10035 (15), 10036 (5), 10037 (9), 10038 (3)
   10039 (8), 10039 (8), 10040 (19), 10044 (2), 10065 (5), 10075 (8), 10128 (21), 10280 (1), 10282 (2)
   10301 (10), 10301 (10), 10302 (12), 10303 (15), 10304 (25), 10305 (25), 10306 (26), 10307 (14)
   10308 (14), 10308 (14), 10309 (21), 10310 (8), 10312 (23), 10314 (37), 10451 (27), 10452 (42)
   10453 (57), 10453 (57), 10454 (24), 10455 (17), 10456 (28), 10457 (52), 10458 (49), 10459 (26)
   10460 (35), 10460 (35), 10461 (33), 10462 (33), 10463 (35), 10465 (21), 10466 (23), 10467 (81)
   10468 (48), 10468 (48), 10469 (29), 10470 (3), 10471 (10), 10472 (46), 10473 (23), 10474 (10)
   10475 (15), 10475 (15), 11004 (6), 11101 (11), 11102 (12), 11103 (17), 11104 (11), 11105 (4)
   11106 (15), 11106 (15), 11109 (3), 11201 (8), 11203 (21), 11204 (24), 11205 (10), 11206 (38)
   11207 (38), 11207 (38), 11208 (49), 11209 (20), 11210 (19), 11211 (33), 11212 (35), 11213 (28)
   11214 (33), 11214 (33), 11215 (16), 11216 (13), 11217 (11), 11218 (24), 11219 (29), 11220 (33)
   11221 (42), 11221 (42), 11222 (12), 11223 (45), 11224 (36), 11225 (14), 11226 (34), 11228 (18)
   11229 (41), 11229 (41), 11230 (66), 11231 (14), 11232 (6), 11233 (32), 11234 (32), 11235 (56)
   11236 (18), 11236 (18), 11237 (15), 11238 (16), 11239 (4), 11354 (23), 11355 (39), 11356 (12)
   11357 (13), 11357 (13), 11358 (14), 11360 (8), 11361 (11), 11362 (3), 11363 (3), 11364 (6)
   11365 (9), 11365 (9), 11366 (4), 11367 (24), 11368 (27), 11369 (28), 11370 (6), 11372 (30)
   11373 (36), 11373 (36), 11374 (24), 11375 (25), 11377 (35), 11378 (10), 11379 (16), 11385 (46)
   11411 (5), 11411 (5), 11412 (8), 11413 (20), 11414 (10), 11415 (8), 11416 (5), 11417 (24), 11418 (19)
   11419 (23), 11419 (23), 11420 (26), 11421 (19), 11422 (11), 11423 (8), 11426 (4), 11427 (10)
   11428 (8), 11428 (8), 11429 (8), 11432 (31), 11433 (9), 11434 (38), 11435 (29), 11436 (10)
   11691 (30), 11691 (30), 11692 (7), 11693 (6), 11694 (9)
