Comparison between:
  Old: d:/byzip/newyork/2021-01-13/data-by-modzcta.csv
  New: d:/byzip/newyork/2021-01-14/data-by-modzcta.csv
Headers are the same


Zip codes with changes: 10001 (7), 10002 (44), 10003 (12), 10004 (8), 10005 (2), 10006 (1), 10007 (2)
   10009 (21), 10009 (21), 10010 (17), 10011 (10), 10012 (8), 10013 (10), 10014 (10), 10016 (15)
   10017 (3), 10017 (3), 10018 (3), 10019 (8), 10021 (18), 10022 (11), 10023 (14), 10024 (11)
   10025 (42), 10025 (42), 10026 (4), 10027 (22), 10028 (12), 10029 (40), 10030 (7), 10031 (29)
   10032 (28), 10032 (28), 10033 (30), 10034 (36), 10035 (8), 10036 (7), 10037 (11), 10038 (7)
   10039 (13), 10039 (13), 10040 (15), 10044 (8), 10065 (15), 10069 (3), 10075 (5), 10128 (17)
   10280 (1), 10280 (1), 10282 (2), 10301 (31), 10302 (14), 10303 (30), 10304 (31), 10305 (32)
   10306 (59), 10306 (59), 10307 (15), 10308 (19), 10309 (34), 10310 (23), 10312 (55), 10314 (70)
   10451 (24), 10451 (24), 10452 (48), 10453 (54), 10454 (20), 10455 (23), 10456 (45), 10457 (52)
   10458 (46), 10458 (46), 10459 (34), 10460 (27), 10461 (32), 10462 (65), 10463 (36), 10464 (2)
   10465 (34), 10465 (34), 10466 (52), 10467 (75), 10468 (47), 10469 (36), 10470 (9), 10471 (7)
   10472 (38), 10472 (38), 10473 (42), 10474 (5), 10475 (17), 11004 (7), 11101 (5), 11102 (13)
   11103 (22), 11103 (22), 11104 (8), 11105 (12), 11106 (9), 11109 (4), 11201 (13), 11203 (24)
   11204 (50), 11204 (50), 11205 (23), 11206 (33), 11207 (63), 11208 (50), 11209 (44), 11210 (26)
   11211 (49), 11211 (49), 11212 (46), 11213 (25), 11214 (91), 11215 (24), 11216 (14), 11217 (11)
   11218 (48), 11218 (48), 11219 (42), 11220 (91), 11221 (42), 11222 (15), 11223 (65), 11224 (43)
   11225 (14), 11225 (14), 11226 (54), 11228 (20), 11229 (71), 11230 (61), 11231 (10), 11232 (55)
   11233 (26), 11233 (26), 11234 (37), 11235 (104), 11236 (49), 11237 (18), 11238 (19), 11239 (19)
   11354 (20), 11354 (20), 11355 (53), 11356 (12), 11357 (16), 11358 (14), 11360 (3), 11361 (10)
   11362 (8), 11362 (8), 11363 (5), 11364 (22), 11365 (20), 11366 (12), 11367 (23), 11368 (48)
   11369 (17), 11369 (17), 11370 (14), 11372 (43), 11373 (62), 11374 (32), 11375 (39), 11377 (54)
   11378 (14), 11378 (14), 11379 (19), 11385 (59), 11411 (9), 11412 (12), 11413 (23), 11414 (21)
   11415 (8), 11415 (8), 11416 (23), 11417 (26), 11418 (23), 11419 (37), 11420 (45), 11421 (28)
   11422 (23), 11422 (23), 11423 (41), 11426 (12), 11427 (14), 11428 (13), 11429 (20), 11432 (45)
   11433 (20), 11433 (20), 11434 (38), 11435 (23), 11436 (14), 11691 (52), 11692 (17), 11693 (14)
   11694 (9), 11694 (9), 11697 (1)
