Comparison between:
  Old: d:/byzip/newyork/2020-11-20/data-by-modzcta.csv
  New: d:/byzip/newyork/2020-11-21/data-by-modzcta.csv
Headers are the same

Zip codes not changed: 10069, 10474, 11239, 11363

Zip codes with changes: 10001 (7), 10002 (25), 10003 (10), 10004 (1), 10005 (1), 10006 (1), 10007 (2)
   10009 (13), 10009 (13), 10010 (4), 10011 (6), 10012 (1), 10013 (5), 10014 (9), 10016 (9), 10017 (4)
   10018 (2), 10018 (2), 10019 (3), 10021 (6), 10022 (5), 10023 (3), 10024 (7), 10025 (15), 10026 (8)
   10027 (16), 10027 (16), 10028 (4), 10029 (12), 10030 (7), 10031 (13), 10032 (14), 10033 (19)
   10034 (4), 10034 (4), 10035 (6), 10036 (3), 10037 (1), 10038 (5), 10039 (5), 10040 (13), 10044 (1)
   10065 (2), 10065 (2), 10075 (3), 10128 (7), 10280 (1), 10282 (1), 10301 (19), 10302 (8), 10303 (12)
   10304 (23), 10304 (23), 10305 (15), 10306 (34), 10307 (10), 10308 (15), 10309 (9), 10310 (5)
   10312 (16), 10312 (16), 10314 (19), 10451 (14), 10452 (27), 10453 (27), 10454 (7), 10455 (3)
   10456 (26), 10456 (26), 10457 (13), 10458 (23), 10459 (9), 10460 (9), 10461 (9), 10462 (12)
   10463 (9), 10463 (9), 10464 (1), 10465 (10), 10466 (16), 10467 (23), 10468 (12), 10469 (14)
   10470 (3), 10470 (3), 10471 (7), 10472 (11), 10473 (18), 10475 (10), 11004 (1), 11101 (3)
   11102 (4), 11102 (4), 11103 (7), 11104 (8), 11105 (6), 11106 (6), 11109 (1), 11201 (9), 11203 (5)
   11204 (9), 11204 (9), 11205 (9), 11206 (23), 11207 (16), 11208 (19), 11209 (15), 11210 (8)
   11211 (21), 11211 (21), 11212 (16), 11213 (8), 11214 (13), 11215 (8), 11216 (8), 11217 (4)
   11218 (12), 11218 (12), 11219 (14), 11220 (14), 11221 (14), 11222 (5), 11223 (15), 11224 (6)
   11225 (9), 11225 (9), 11226 (11), 11228 (9), 11229 (9), 11230 (33), 11231 (7), 11232 (4), 11233 (16)
   11234 (14), 11234 (14), 11235 (24), 11236 (4), 11237 (7), 11238 (1), 11354 (5), 11355 (11)
   11356 (8), 11356 (8), 11357 (7), 11358 (3), 11360 (3), 11361 (4), 11362 (1), 11364 (1), 11365 (3)
   11366 (1), 11366 (1), 11367 (7), 11368 (22), 11369 (13), 11370 (5), 11372 (24), 11373 (19)
   11374 (8), 11374 (8), 11375 (13), 11377 (11), 11378 (3), 11379 (6), 11385 (12), 11411 (2)
   11412 (9), 11412 (9), 11413 (3), 11414 (1), 11415 (6), 11416 (1), 11417 (3), 11418 (7), 11419 (4)
   11420 (9), 11420 (9), 11421 (10), 11422 (2), 11423 (9), 11426 (3), 11427 (1), 11428 (5), 11429 (3)
   11432 (9), 11432 (9), 11433 (6), 11434 (8), 11435 (12), 11436 (4), 11691 (7), 11692 (5), 11693 (3)
   11694 (4), 11694 (4), 11697 (4)
