Comparison between:
  Old: d:/byzip/newyork/2021-02-02/data-by-modzcta.csv
  New: d:/byzip/newyork/2021-02-03/data-by-modzcta.csv
Headers are the same

Zip codes not changed: 10280, 10282, 10464, 11109

Zip codes with changes: 10001 (5), 10002 (13), 10003 (11), 10004 (2), 10005 (1), 10006 (2), 10007 (1)
   10009 (14), 10009 (14), 10010 (6), 10011 (5), 10012 (4), 10013 (10), 10014 (6), 10016 (7)
   10017 (2), 10017 (2), 10018 (1), 10019 (4), 10021 (7), 10022 (4), 10023 (11), 10024 (12), 10025 (20)
   10026 (12), 10026 (12), 10027 (10), 10028 (13), 10029 (23), 10030 (6), 10031 (9), 10032 (12)
   10033 (13), 10033 (13), 10034 (7), 10035 (6), 10036 (5), 10037 (3), 10038 (6), 10039 (9), 10040 (10)
   10044 (1), 10044 (1), 10065 (6), 10069 (2), 10075 (6), 10128 (17), 10301 (12), 10302 (10), 10303 (8)
   10304 (18), 10304 (18), 10305 (22), 10306 (19), 10307 (1), 10308 (7), 10309 (14), 10310 (6)
   10312 (17), 10312 (17), 10314 (53), 10451 (17), 10452 (23), 10453 (33), 10454 (9), 10455 (6)
   10456 (22), 10456 (22), 10457 (26), 10458 (39), 10459 (7), 10460 (28), 10461 (24), 10462 (23)
   10463 (27), 10463 (27), 10465 (17), 10466 (17), 10467 (46), 10468 (35), 10469 (22), 10470 (4)
   10471 (9), 10471 (9), 10472 (28), 10473 (15), 10474 (2), 10475 (14), 11004 (3), 11101 (2)
   11102 (9), 11102 (9), 11103 (17), 11104 (6), 11105 (5), 11106 (7), 11201 (8), 11203 (15), 11204 (16)
   11205 (10), 11205 (10), 11206 (17), 11207 (18), 11208 (42), 11209 (24), 11210 (13), 11211 (15)
   11212 (11), 11212 (11), 11213 (19), 11214 (25), 11215 (7), 11216 (6), 11217 (8), 11218 (31)
   11219 (26), 11219 (26), 11220 (27), 11221 (22), 11222 (6), 11223 (50), 11224 (30), 11225 (4)
   11226 (43), 11226 (43), 11228 (18), 11229 (54), 11230 (50), 11231 (9), 11232 (10), 11233 (16)
   11234 (22), 11234 (22), 11235 (33), 11236 (24), 11237 (13), 11238 (12), 11239 (1), 11354 (13)
   11355 (34), 11355 (34), 11356 (12), 11357 (12), 11358 (7), 11360 (6), 11361 (10), 11362 (1)
   11363 (3), 11363 (3), 11364 (7), 11365 (21), 11366 (10), 11367 (17), 11368 (20), 11369 (17)
   11370 (9), 11370 (9), 11372 (18), 11373 (40), 11374 (20), 11375 (29), 11377 (39), 11378 (6)
   11379 (15), 11379 (15), 11385 (34), 11411 (3), 11412 (8), 11413 (11), 11414 (7), 11415 (5)
   11416 (13), 11416 (13), 11417 (14), 11418 (13), 11419 (19), 11420 (27), 11421 (9), 11422 (8)
   11423 (15), 11423 (15), 11426 (7), 11427 (8), 11428 (1), 11429 (4), 11432 (21), 11433 (16)
   11434 (14), 11434 (14), 11435 (25), 11436 (6), 11691 (22), 11692 (10), 11693 (5), 11694 (4)
   11697 (1), 11697 (1)
