Comparison between:
  Old: d:/byzip/newyork/2020-10-01/data-by-modzcta.csv
  New: d:/byzip/newyork/2020-10-02/data-by-modzcta.csv
Headers are the same

Zip codes not changed: 10004, 10006, 10007, 10011, 10017, 10018, 10019, 10024, 10025, 10029
   10034, 10034, 10035, 10036, 10044, 10069, 10280, 10282, 10461, 10464, 10471, 11109, 11201
   11239, 11239, 11356, 11361, 11362, 11363, 11370, 11411, 11422, 11428, 11434, 11436, 11694
   

Zip codes with changes: 10001 (4), 10002 (1), 10003 (2), 10005 (1), 10009 (1), 10010 (1), 10012 (5)
   10013 (3), 10013 (3), 10014 (2), 10016 (2), 10021 (1), 10022 (2), 10023 (3), 10026 (2), 10027 (2)
   10028 (3), 10028 (3), 10030 (1), 10031 (5), 10032 (6), 10033 (4), 10037 (2), 10038 (1), 10039 (2)
   10040 (2), 10040 (2), 10065 (2), 10075 (1), 10128 (1), 10301 (6), 10302 (1), 10303 (1), 10304 (6)
   10305 (2), 10305 (2), 10306 (2), 10307 (2), 10308 (4), 10309 (3), 10310 (2), 10312 (5), 10314 (7)
   10451 (2), 10451 (2), 10452 (6), 10453 (1), 10454 (1), 10455 (2), 10456 (8), 10457 (5), 10458 (2)
   10459 (3), 10459 (3), 10460 (1), 10462 (1), 10463 (3), 10465 (4), 10466 (2), 10467 (10), 10468 (4)
   10469 (4), 10469 (4), 10470 (1), 10472 (1), 10473 (2), 10474 (-1), 10475 (1), 11004 (1), 11101 (4)
   11102 (14), 11102 (14), 11103 (3), 11104 (2), 11105 (2), 11106 (1), 11203 (4), 11204 (13), 11205 (2)
   11206 (4), 11206 (4), 11207 (2), 11208 (4), 11209 (2), 11210 (11), 11211 (12), 11212 (2), 11213 (6)
   11214 (6), 11214 (6), 11215 (2), 11216 (5), 11217 (2), 11218 (9), 11219 (29), 11220 (2), 11221 (5)
   11222 (3), 11222 (3), 11223 (31), 11224 (5), 11225 (3), 11226 (1), 11228 (1), 11229 (10), 11230 (26)
   11231 (5), 11231 (5), 11232 (1), 11233 (5), 11234 (9), 11235 (16), 11236 (2), 11237 (6), 11238 (2)
   11354 (4), 11354 (4), 11355 (-1), 11357 (1), 11358 (2), 11360 (1), 11364 (3), 11365 (3), 11366 (2)
   11367 (14), 11367 (14), 11368 (2), 11369 (2), 11372 (3), 11373 (10), 11374 (7), 11375 (10)
   11377 (6), 11377 (6), 11378 (1), 11379 (3), 11385 (4), 11412 (1), 11413 (2), 11414 (1), 11415 (6)
   11416 (2), 11416 (2), 11417 (1), 11418 (2), 11419 (2), 11420 (5), 11421 (1), 11423 (1), 11426 (1)
   11427 (1), 11427 (1), 11429 (2), 11432 (2), 11433 (3), 11435 (5), 11691 (12), 11692 (1), 11693 (1)
   11697 (1), 11697 (1)
