Comparison between:
  Old: d:/byzip/newyork/2021-01-14/data-by-modzcta.csv
  New: d:/byzip/newyork/2021-01-15/data-by-modzcta.csv
Headers are the same

Zip codes not changed: 10006

Zip codes with changes: 10001 (13), 10002 (39), 10003 (27), 10004 (5), 10005 (3), 10007 (3)
   10009 (28), 10009 (28), 10010 (13), 10011 (23), 10012 (15), 10013 (13), 10014 (12), 10016 (31)
   10017 (6), 10017 (6), 10018 (5), 10019 (15), 10021 (20), 10022 (13), 10023 (21), 10024 (17)
   10025 (37), 10025 (37), 10026 (19), 10027 (32), 10028 (15), 10029 (53), 10030 (16), 10031 (25)
   10032 (38), 10032 (38), 10033 (46), 10034 (38), 10035 (16), 10036 (11), 10037 (15), 10038 (10)
   10039 (9), 10039 (9), 10040 (33), 10044 (3), 10065 (22), 10069 (3), 10075 (15), 10128 (28)
   10280 (1), 10280 (1), 10282 (1), 10301 (23), 10302 (26), 10303 (33), 10304 (39), 10305 (53)
   10306 (60), 10306 (60), 10307 (22), 10308 (40), 10309 (54), 10310 (18), 10312 (66), 10314 (84)
   10451 (42), 10451 (42), 10452 (75), 10453 (59), 10454 (33), 10455 (37), 10456 (61), 10457 (67)
   10458 (53), 10458 (53), 10459 (40), 10460 (54), 10461 (45), 10462 (88), 10463 (44), 10464 (2)
   10465 (46), 10465 (46), 10466 (54), 10467 (85), 10468 (50), 10469 (40), 10470 (11), 10471 (13)
   10472 (55), 10472 (55), 10473 (42), 10474 (11), 10475 (19), 11004 (8), 11101 (23), 11102 (15)
   11103 (24), 11103 (24), 11104 (18), 11105 (19), 11106 (21), 11109 (4), 11201 (19), 11203 (38)
   11204 (41), 11204 (41), 11205 (25), 11206 (68), 11207 (81), 11208 (70), 11209 (42), 11210 (39)
   11211 (50), 11211 (50), 11212 (63), 11213 (39), 11214 (66), 11215 (27), 11216 (38), 11217 (16)
   11218 (50), 11218 (50), 11219 (49), 11220 (77), 11221 (53), 11222 (21), 11223 (79), 11224 (56)
   11225 (34), 11225 (34), 11226 (55), 11228 (37), 11229 (80), 11230 (91), 11231 (12), 11232 (17)
   11233 (29), 11233 (29), 11234 (51), 11235 (114), 11236 (43), 11237 (29), 11238 (23), 11239 (10)
   11354 (39), 11354 (39), 11355 (66), 11356 (25), 11357 (29), 11358 (19), 11360 (7), 11361 (23)
   11362 (16), 11362 (16), 11363 (4), 11364 (25), 11365 (25), 11366 (10), 11367 (32), 11368 (71)
   11369 (24), 11369 (24), 11370 (16), 11372 (44), 11373 (81), 11374 (45), 11375 (40), 11377 (81)
   11378 (42), 11378 (42), 11379 (41), 11385 (99), 11411 (9), 11412 (32), 11413 (29), 11414 (25)
   11415 (14), 11415 (14), 11416 (21), 11417 (36), 11418 (25), 11419 (57), 11420 (61), 11421 (43)
   11422 (26), 11422 (26), 11423 (20), 11426 (16), 11427 (14), 11428 (7), 11429 (29), 11432 (56)
   11433 (25), 11433 (25), 11434 (40), 11435 (37), 11436 (22), 11691 (55), 11692 (12), 11693 (8)
   11694 (20), 11694 (20), 11697 (2)
