Comparison between:
  Old: d:/byzip/newyork/2020-10-02/data-by-modzcta.csv
  New: d:/byzip/newyork/2020-10-03/data-by-modzcta.csv
Headers are the same

Zip codes not changed: 10004, 10007, 10017, 10030, 10034, 10036, 10044, 10065, 10069, 10075
   10280, 10280, 10282, 10302, 10454, 10455, 10465, 10466, 10470, 10471, 11106, 11109, 11232
   11360, 11360, 11363, 11366, 11411, 11413, 11417, 11428, 11692, 11697

Zip codes with changes: 10001 (-4), 10002 (1), 10003 (5), 10005 (-1), 10006 (1), 10009 (3), 10010 (1)
   10011 (3), 10011 (3), 10012 (1), 10013 (3), 10014 (1), 10016 (7), 10018 (1), 10019 (4), 10021 (3)
   10022 (3), 10022 (3), 10023 (1), 10024 (3), 10025 (9), 10026 (4), 10027 (1), 10028 (4), 10029 (2)
   10031 (5), 10031 (5), 10032 (7), 10033 (7), 10035 (2), 10037 (1), 10038 (2), 10039 (1), 10040 (2)
   10128 (2), 10128 (2), 10301 (2), 10303 (1), 10304 (1), 10305 (3), 10306 (3), 10307 (1), 10308 (4)
   10309 (6), 10309 (6), 10310 (1), 10312 (2), 10314 (10), 10451 (3), 10452 (7), 10453 (5), 10456 (-2)
   10457 (-1), 10457 (-1), 10458 (4), 10459 (1), 10460 (2), 10461 (8), 10462 (4), 10463 (2), 10464 (1)
   10467 (4), 10467 (4), 10468 (2), 10469 (2), 10472 (3), 10473 (7), 10474 (-1), 10475 (1), 11004 (-1)
   11101 (3), 11101 (3), 11102 (2), 11103 (1), 11104 (2), 11105 (1), 11201 (3), 11203 (9), 11204 (13)
   11205 (5), 11205 (5), 11206 (7), 11207 (4), 11208 (5), 11209 (5), 11210 (30), 11211 (17), 11212 (2)
   11213 (5), 11213 (5), 11214 (6), 11215 (3), 11216 (3), 11217 (2), 11218 (9), 11219 (14), 11220 (3)
   11221 (3), 11221 (3), 11222 (2), 11223 (50), 11224 (3), 11225 (2), 11226 (6), 11228 (4), 11229 (5)
   11230 (39), 11230 (39), 11231 (1), 11233 (6), 11234 (11), 11235 (9), 11236 (3), 11237 (5)
   11238 (3), 11238 (3), 11239 (1), 11354 (4), 11355 (1), 11356 (2), 11357 (1), 11358 (3), 11361 (2)
   11362 (1), 11362 (1), 11364 (3), 11365 (2), 11367 (-3), 11368 (2), 11369 (2), 11370 (1), 11372 (2)
   11373 (1), 11373 (1), 11374 (4), 11375 (4), 11377 (5), 11378 (2), 11379 (2), 11385 (8), 11412 (1)
   11414 (2), 11414 (2), 11415 (1), 11416 (1), 11418 (4), 11419 (2), 11420 (4), 11421 (2), 11422 (-1)
   11423 (6), 11423 (6), 11426 (2), 11427 (1), 11429 (2), 11432 (3), 11433 (3), 11434 (2), 11435 (3)
   11436 (-1), 11436 (-1), 11691 (32), 11693 (2), 11694 (2)
