Comparison between:
  Old: d:/byzip/newyork/2021-01-06/data-by-modzcta.csv
  New: d:/byzip/newyork/2021-01-07/data-by-modzcta.csv
Headers are the same

Zip codes not changed: 10282

Zip codes with changes: 10001 (8), 10002 (40), 10003 (8), 10004 (4), 10005 (2), 10006 (2), 10007 (4)
   10009 (15), 10009 (15), 10010 (8), 10011 (10), 10012 (5), 10013 (12), 10014 (7), 10016 (31)
   10017 (6), 10017 (6), 10018 (2), 10019 (12), 10021 (17), 10022 (15), 10023 (18), 10024 (15)
   10025 (30), 10025 (30), 10026 (15), 10027 (23), 10028 (23), 10029 (38), 10030 (12), 10031 (41)
   10032 (43), 10032 (43), 10033 (43), 10034 (21), 10035 (19), 10036 (5), 10037 (8), 10038 (6)
   10039 (5), 10039 (5), 10040 (26), 10044 (4), 10065 (7), 10069 (3), 10075 (9), 10128 (26), 10280 (2)
   10301 (32), 10301 (32), 10302 (12), 10303 (19), 10304 (50), 10305 (33), 10306 (62), 10307 (17)
   10308 (41), 10308 (41), 10309 (41), 10310 (21), 10312 (63), 10314 (113), 10451 (30), 10452 (55)
   10453 (64), 10453 (64), 10454 (23), 10455 (27), 10456 (39), 10457 (59), 10458 (55), 10459 (34)
   10460 (40), 10460 (40), 10461 (41), 10462 (44), 10463 (39), 10464 (5), 10465 (36), 10466 (53)
   10467 (71), 10467 (71), 10468 (65), 10469 (45), 10470 (12), 10471 (15), 10472 (46), 10473 (50)
   10474 (13), 10474 (13), 10475 (18), 11004 (6), 11101 (12), 11102 (21), 11103 (17), 11104 (12)
   11105 (16), 11105 (16), 11106 (19), 11109 (2), 11201 (13), 11203 (40), 11204 (44), 11205 (12)
   11206 (36), 11206 (36), 11207 (56), 11208 (95), 11209 (34), 11210 (18), 11211 (44), 11212 (44)
   11213 (23), 11213 (23), 11214 (65), 11215 (14), 11216 (17), 11217 (11), 11218 (18), 11219 (42)
   11220 (78), 11220 (78), 11221 (41), 11222 (16), 11223 (63), 11224 (60), 11225 (28), 11226 (36)
   11228 (35), 11228 (35), 11229 (84), 11230 (81), 11231 (7), 11232 (19), 11233 (45), 11234 (58)
   11235 (89), 11235 (89), 11236 (37), 11237 (36), 11238 (18), 11239 (7), 11354 (17), 11355 (39)
   11356 (10), 11356 (10), 11357 (20), 11358 (13), 11360 (6), 11361 (10), 11362 (4), 11363 (3)
   11364 (15), 11364 (15), 11365 (14), 11366 (14), 11367 (13), 11368 (58), 11369 (16), 11370 (16)
   11372 (29), 11372 (29), 11373 (44), 11374 (30), 11375 (29), 11377 (62), 11378 (30), 11379 (20)
   11385 (71), 11385 (71), 11411 (6), 11412 (16), 11413 (35), 11414 (16), 11415 (5), 11416 (10)
   11417 (26), 11417 (26), 11418 (33), 11419 (72), 11420 (54), 11421 (44), 11422 (16), 11423 (14)
   11426 (16), 11426 (16), 11427 (16), 11428 (12), 11429 (8), 11432 (34), 11433 (21), 11434 (51)
   11435 (34), 11435 (34), 11436 (15), 11691 (54), 11692 (11), 11693 (16), 11694 (12), 11697 (4)
   
