Comparison between:
  Old: d:/byzip/newyork/2021-02-18/data-by-modzcta.csv
  New: d:/byzip/newyork/2021-02-19/data-by-modzcta.csv
Headers are the same

Zip codes not changed: 11697

Zip codes with changes: 10001 (4), 10002 (45), 10003 (16), 10004 (1), 10005 (3), 10006 (3), 10007 (1)
   10009 (32), 10009 (32), 10010 (12), 10011 (16), 10012 (8), 10013 (9), 10014 (8), 10016 (18)
   10017 (5), 10017 (5), 10018 (2), 10019 (11), 10021 (6), 10022 (8), 10023 (13), 10024 (14), 10025 (25)
   10026 (15), 10026 (15), 10027 (26), 10028 (8), 10029 (31), 10030 (12), 10031 (25), 10032 (40)
   10033 (30), 10033 (30), 10034 (24), 10035 (15), 10036 (5), 10037 (8), 10038 (4), 10039 (13)
   10040 (21), 10040 (21), 10044 (4), 10065 (4), 10069 (3), 10075 (6), 10128 (11), 10280 (-2)
   10282 (1), 10282 (1), 10301 (11), 10302 (4), 10303 (10), 10304 (11), 10305 (18), 10306 (42)
   10307 (7), 10307 (7), 10308 (19), 10309 (26), 10310 (10), 10312 (30), 10314 (38), 10451 (30)
   10452 (42), 10452 (42), 10453 (47), 10454 (24), 10455 (27), 10456 (42), 10457 (44), 10458 (46)
   10459 (27), 10459 (27), 10460 (27), 10461 (33), 10462 (48), 10463 (23), 10464 (3), 10465 (27)
   10466 (35), 10466 (35), 10467 (67), 10468 (39), 10469 (22), 10470 (8), 10471 (12), 10472 (48)
   10473 (26), 10473 (26), 10474 (7), 10475 (10), 11004 (1), 11101 (12), 11102 (9), 11103 (7)
   11104 (10), 11104 (10), 11105 (5), 11106 (26), 11109 (3), 11201 (20), 11203 (24), 11204 (45)
   11205 (12), 11205 (12), 11206 (50), 11207 (49), 11208 (51), 11209 (33), 11210 (19), 11211 (45)
   11212 (44), 11212 (44), 11213 (34), 11214 (37), 11215 (15), 11216 (22), 11217 (11), 11218 (29)
   11219 (21), 11219 (21), 11220 (42), 11221 (24), 11222 (11), 11223 (47), 11224 (21), 11225 (15)
   11226 (46), 11226 (46), 11228 (19), 11229 (49), 11230 (46), 11231 (15), 11232 (12), 11233 (24)
   11234 (33), 11234 (33), 11235 (49), 11236 (30), 11237 (24), 11238 (13), 11239 (7), 11354 (16)
   11355 (52), 11355 (52), 11356 (21), 11357 (31), 11358 (11), 11360 (6), 11361 (9), 11362 (4)
   11363 (3), 11363 (3), 11364 (15), 11365 (26), 11366 (5), 11367 (14), 11368 (39), 11369 (25)
   11370 (12), 11370 (12), 11372 (20), 11373 (51), 11374 (27), 11375 (14), 11377 (38), 11378 (17)
   11379 (22), 11379 (22), 11385 (66), 11411 (7), 11412 (7), 11413 (14), 11414 (11), 11415 (12)
   11416 (18), 11416 (18), 11417 (16), 11418 (17), 11419 (34), 11420 (28), 11421 (16), 11422 (12)
   11423 (16), 11423 (16), 11426 (7), 11427 (14), 11428 (8), 11429 (4), 11432 (26), 11433 (19)
   11434 (17), 11434 (17), 11435 (31), 11436 (9), 11691 (40), 11692 (5), 11693 (6), 11694 (3)
   
