Comparison between:
  Old: d:/byzip/newyork/2020-11-22/data-by-modzcta.csv
  New: d:/byzip/newyork/2020-11-23/data-by-modzcta.csv
Headers are the same

Zip codes not changed: 10004, 10005, 10006, 10044, 10464, 10474, 11109, 11363, 11411, 11414
   

Zip codes with changes: 10001 (4), 10002 (16), 10003 (20), 10007 (3), 10009 (14), 10010 (10)
   10011 (6), 10011 (6), 10012 (3), 10013 (2), 10014 (11), 10016 (10), 10017 (7), 10018 (3), 10019 (4)
   10021 (6), 10021 (6), 10022 (6), 10023 (9), 10024 (11), 10025 (10), 10026 (6), 10027 (11), 10028 (6)
   10029 (13), 10029 (13), 10030 (5), 10031 (6), 10032 (16), 10033 (18), 10034 (12), 10035 (5)
   10036 (6), 10036 (6), 10037 (3), 10038 (2), 10039 (4), 10040 (10), 10065 (1), 10069 (3), 10075 (4)
   10128 (10), 10128 (10), 10280 (3), 10282 (1), 10301 (12), 10302 (6), 10303 (12), 10304 (16)
   10305 (19), 10305 (19), 10306 (31), 10307 (5), 10308 (18), 10309 (12), 10310 (8), 10312 (38)
   10314 (38), 10314 (38), 10451 (13), 10452 (19), 10453 (12), 10454 (9), 10455 (9), 10456 (21)
   10457 (24), 10457 (24), 10458 (29), 10459 (8), 10460 (8), 10461 (10), 10462 (10), 10463 (16)
   10465 (10), 10465 (10), 10466 (11), 10467 (27), 10468 (12), 10469 (6), 10470 (4), 10471 (4)
   10472 (13), 10472 (13), 10473 (10), 10475 (6), 11004 (5), 11101 (8), 11102 (13), 11103 (5)
   11104 (1), 11104 (1), 11105 (17), 11106 (6), 11201 (6), 11203 (5), 11204 (8), 11205 (6), 11206 (10)
   11207 (23), 11207 (23), 11208 (19), 11209 (15), 11210 (2), 11211 (29), 11212 (19), 11213 (13)
   11214 (21), 11214 (21), 11215 (14), 11216 (6), 11217 (3), 11218 (18), 11219 (13), 11220 (19)
   11221 (12), 11221 (12), 11222 (4), 11223 (25), 11224 (9), 11225 (9), 11226 (6), 11228 (10)
   11229 (9), 11229 (9), 11230 (16), 11231 (2), 11232 (3), 11233 (8), 11234 (10), 11235 (15), 11236 (6)
   11237 (8), 11237 (8), 11238 (9), 11239 (2), 11354 (8), 11355 (3), 11356 (3), 11357 (11), 11358 (3)
   11360 (6), 11360 (6), 11361 (3), 11362 (5), 11364 (7), 11365 (6), 11366 (8), 11367 (8), 11368 (18)
   11369 (13), 11369 (13), 11370 (3), 11372 (16), 11373 (12), 11374 (6), 11375 (11), 11377 (15)
   11378 (3), 11378 (3), 11379 (2), 11385 (21), 11412 (12), 11413 (6), 11415 (4), 11416 (2), 11417 (6)
   11418 (11), 11418 (11), 11419 (6), 11420 (9), 11421 (13), 11422 (4), 11423 (7), 11426 (8)
   11427 (1), 11427 (1), 11428 (5), 11429 (7), 11432 (11), 11433 (9), 11434 (14), 11435 (10), 11436 (1)
   11691 (5), 11691 (5), 11692 (5), 11693 (2), 11694 (13), 11697 (3)
