Comparison between:
  Old: d:/byzip/newyork/2020-12-18/data-by-modzcta.csv
  New: d:/byzip/newyork/2020-12-19/data-by-modzcta.csv
Headers are the same

Zip codes not changed: 10004, 10044, 10282, 10474

Zip codes with changes: 10001 (12), 10002 (25), 10003 (16), 10005 (4), 10006 (2), 10007 (2)
   10009 (9), 10009 (9), 10010 (5), 10011 (13), 10012 (4), 10013 (6), 10014 (8), 10016 (10), 10017 (11)
   10018 (2), 10018 (2), 10019 (6), 10021 (10), 10022 (9), 10023 (10), 10024 (10), 10025 (13)
   10026 (2), 10026 (2), 10027 (6), 10028 (15), 10029 (21), 10030 (5), 10031 (13), 10032 (23)
   10033 (21), 10033 (21), 10034 (13), 10035 (13), 10036 (5), 10037 (2), 10038 (3), 10039 (5)
   10040 (12), 10040 (12), 10065 (4), 10069 (4), 10075 (5), 10128 (18), 10280 (2), 10301 (16)
   10302 (4), 10302 (4), 10303 (14), 10304 (10), 10305 (23), 10306 (36), 10307 (8), 10308 (17)
   10309 (25), 10309 (25), 10310 (12), 10312 (25), 10314 (58), 10451 (15), 10452 (35), 10453 (29)
   10454 (12), 10454 (12), 10455 (11), 10456 (16), 10457 (23), 10458 (30), 10459 (18), 10460 (19)
   10461 (13), 10461 (13), 10462 (25), 10463 (42), 10464 (3), 10465 (9), 10466 (14), 10467 (22)
   10468 (27), 10468 (27), 10469 (16), 10470 (7), 10471 (9), 10472 (19), 10473 (25), 10475 (4)
   11004 (7), 11004 (7), 11101 (12), 11102 (10), 11103 (14), 11104 (9), 11105 (10), 11106 (1)
   11109 (5), 11109 (5), 11201 (9), 11203 (23), 11204 (20), 11205 (10), 11206 (26), 11207 (27)
   11208 (37), 11208 (37), 11209 (26), 11210 (33), 11211 (29), 11212 (30), 11213 (18), 11214 (33)
   11215 (11), 11215 (11), 11216 (14), 11217 (8), 11218 (32), 11219 (28), 11220 (27), 11221 (21)
   11222 (7), 11222 (7), 11223 (31), 11224 (23), 11225 (9), 11226 (15), 11228 (24), 11229 (41)
   11230 (36), 11230 (36), 11231 (1), 11232 (23), 11233 (12), 11234 (29), 11235 (43), 11236 (17)
   11237 (10), 11237 (10), 11238 (6), 11239 (12), 11354 (21), 11355 (35), 11356 (10), 11357 (12)
   11358 (13), 11358 (13), 11360 (8), 11361 (6), 11362 (6), 11363 (4), 11364 (6), 11365 (2), 11366 (3)
   11367 (13), 11367 (13), 11368 (31), 11369 (14), 11370 (7), 11372 (10), 11373 (10), 11374 (13)
   11375 (24), 11375 (24), 11377 (24), 11378 (15), 11379 (4), 11385 (24), 11411 (5), 11412 (12)
   11413 (13), 11413 (13), 11414 (8), 11415 (4), 11416 (14), 11417 (16), 11418 (6), 11419 (30)
   11420 (18), 11420 (18), 11421 (21), 11422 (5), 11423 (10), 11426 (4), 11427 (8), 11428 (6)
   11429 (5), 11429 (5), 11432 (21), 11433 (12), 11434 (31), 11435 (15), 11436 (11), 11691 (32)
   11692 (5), 11692 (5), 11693 (2), 11694 (5), 11697 (11)
