Comparison between:
  Old: d:/byzip/newyork/2020-11-14/data-by-modzcta.csv
  New: d:/byzip/newyork/2020-11-15/data-by-modzcta.csv
Headers are the same

Zip codes not changed: 10004, 10006, 10037, 10044, 10282, 10464, 10474, 11109, 11362, 11363
   11693, 11693

Zip codes with changes: 10001 (9), 10002 (11), 10003 (5), 10005 (1), 10007 (1), 10009 (10), 10010 (6)
   10011 (9), 10011 (9), 10012 (1), 10013 (4), 10014 (9), 10016 (12), 10017 (3), 10018 (6), 10019 (5)
   10021 (7), 10021 (7), 10022 (4), 10023 (9), 10024 (9), 10025 (9), 10026 (4), 10027 (8), 10028 (10)
   10029 (13), 10029 (13), 10030 (2), 10031 (9), 10032 (4), 10033 (11), 10034 (2), 10035 (4)
   10036 (1), 10036 (1), 10038 (4), 10039 (5), 10040 (13), 10065 (3), 10069 (1), 10075 (5), 10128 (11)
   10280 (1), 10280 (1), 10301 (7), 10302 (6), 10303 (11), 10304 (8), 10305 (18), 10306 (22), 10307 (9)
   10308 (8), 10308 (8), 10309 (11), 10310 (7), 10312 (21), 10314 (36), 10451 (5), 10452 (7)
   10453 (11), 10453 (11), 10454 (10), 10455 (6), 10456 (14), 10457 (13), 10458 (11), 10459 (15)
   10460 (7), 10460 (7), 10461 (6), 10462 (7), 10463 (12), 10465 (11), 10466 (6), 10467 (25), 10468 (9)
   10469 (6), 10469 (6), 10470 (4), 10471 (4), 10472 (18), 10473 (16), 10475 (2), 11004 (6), 11101 (8)
   11102 (7), 11102 (7), 11103 (7), 11104 (3), 11105 (11), 11106 (8), 11201 (9), 11203 (4), 11204 (12)
   11205 (6), 11205 (6), 11206 (11), 11207 (14), 11208 (19), 11209 (15), 11210 (10), 11211 (24)
   11212 (7), 11212 (7), 11213 (11), 11214 (19), 11215 (3), 11216 (10), 11217 (5), 11218 (17)
   11219 (28), 11219 (28), 11220 (9), 11221 (15), 11222 (7), 11223 (13), 11224 (12), 11225 (7)
   11226 (11), 11226 (11), 11228 (12), 11229 (21), 11230 (25), 11231 (6), 11232 (2), 11233 (7)
   11234 (9), 11234 (9), 11235 (18), 11236 (12), 11237 (9), 11238 (8), 11239 (2), 11354 (9), 11355 (8)
   11356 (4), 11356 (4), 11357 (8), 11358 (7), 11360 (2), 11361 (6), 11364 (2), 11365 (13), 11366 (3)
   11367 (5), 11367 (5), 11368 (22), 11369 (6), 11370 (8), 11372 (10), 11373 (31), 11374 (14)
   11375 (13), 11375 (13), 11377 (21), 11378 (6), 11379 (10), 11385 (11), 11411 (4), 11412 (7)
   11413 (2), 11413 (2), 11414 (1), 11415 (3), 11416 (4), 11417 (11), 11418 (12), 11419 (13), 11420 (13)
   11421 (7), 11421 (7), 11422 (4), 11423 (3), 11426 (6), 11427 (5), 11428 (3), 11429 (2), 11432 (15)
   11433 (6), 11433 (6), 11434 (13), 11435 (6), 11436 (2), 11691 (12), 11692 (1), 11694 (2), 11697 (3)
   
