Comparison between:
  Old: d:/byzip/newyork/2021-02-14/data-by-modzcta.csv
  New: d:/byzip/newyork/2021-02-15/data-by-modzcta.csv
Headers are the same

Zip codes not changed: 10006, 11363

Zip codes with changes: 10001 (6), 10002 (28), 10003 (19), 10004 (2), 10005 (1), 10007 (5), 10009 (14)
   10010 (3), 10010 (3), 10011 (15), 10012 (4), 10013 (6), 10014 (5), 10016 (14), 10017 (5), 10018 (2)
   10019 (19), 10019 (19), 10021 (5), 10022 (13), 10023 (13), 10024 (5), 10025 (17), 10026 (8)
   10027 (19), 10027 (19), 10028 (5), 10029 (19), 10030 (5), 10031 (12), 10032 (25), 10033 (28)
   10034 (12), 10034 (12), 10035 (16), 10036 (6), 10037 (5), 10038 (3), 10039 (14), 10040 (28)
   10044 (2), 10044 (2), 10065 (6), 10069 (2), 10075 (5), 10128 (19), 10280 (1), 10282 (1), 10301 (14)
   10302 (5), 10302 (5), 10303 (13), 10304 (22), 10305 (13), 10306 (22), 10307 (7), 10308 (20)
   10309 (15), 10309 (15), 10310 (10), 10312 (28), 10314 (28), 10451 (31), 10452 (42), 10453 (33)
   10454 (6), 10454 (6), 10455 (12), 10456 (40), 10457 (37), 10458 (38), 10459 (31), 10460 (30)
   10461 (17), 10461 (17), 10462 (36), 10463 (28), 10464 (3), 10465 (13), 10466 (29), 10467 (33)
   10468 (30), 10468 (30), 10469 (22), 10470 (2), 10471 (4), 10472 (27), 10473 (25), 10474 (6)
   10475 (16), 10475 (16), 11004 (3), 11101 (15), 11102 (17), 11103 (17), 11104 (7), 11105 (5)
   11106 (14), 11106 (14), 11109 (3), 11201 (10), 11203 (27), 11204 (20), 11205 (13), 11206 (40)
   11207 (24), 11207 (24), 11208 (54), 11209 (24), 11210 (12), 11211 (17), 11212 (34), 11213 (18)
   11214 (21), 11214 (21), 11215 (11), 11216 (15), 11217 (10), 11218 (18), 11219 (15), 11220 (22)
   11221 (36), 11221 (36), 11222 (9), 11223 (22), 11224 (11), 11225 (18), 11226 (25), 11228 (7)
   11229 (34), 11229 (34), 11230 (45), 11231 (6), 11232 (6), 11233 (14), 11234 (18), 11235 (57)
   11236 (18), 11236 (18), 11237 (21), 11238 (17), 11239 (5), 11354 (15), 11355 (28), 11356 (8)
   11357 (18), 11357 (18), 11358 (8), 11360 (3), 11361 (13), 11362 (3), 11364 (3), 11365 (7)
   11366 (3), 11366 (3), 11367 (11), 11368 (49), 11369 (11), 11370 (16), 11372 (21), 11373 (30)
   11374 (20), 11374 (20), 11375 (23), 11377 (38), 11378 (4), 11379 (14), 11385 (32), 11411 (6)
   11412 (13), 11412 (13), 11413 (10), 11414 (18), 11415 (5), 11416 (13), 11417 (14), 11418 (17)
   11419 (27), 11419 (27), 11420 (24), 11421 (15), 11422 (12), 11423 (14), 11426 (2), 11427 (14)
   11428 (6), 11428 (6), 11429 (4), 11432 (22), 11433 (13), 11434 (20), 11435 (33), 11436 (6)
   11691 (31), 11691 (31), 11692 (3), 11693 (1), 11694 (6), 11697 (3)
