Comparison between:
  Old: d:/byzip/newyork/2020-12-07/data-by-modzcta.csv
  New: d:/byzip/newyork/2020-12-08/data-by-modzcta.csv
Headers are the same

Zip codes not changed: 10006, 10007, 10018, 10069, 10280, 10282, 11363

Zip codes with changes: 10001 (4), 10002 (18), 10003 (6), 10004 (1), 10005 (3), 10009 (14), 10010 (7)
   10011 (8), 10011 (8), 10012 (3), 10013 (6), 10014 (5), 10016 (9), 10017 (3), 10019 (4), 10021 (6)
   10022 (8), 10022 (8), 10023 (6), 10024 (8), 10025 (14), 10026 (13), 10027 (19), 10028 (11)
   10029 (15), 10029 (15), 10030 (4), 10031 (11), 10032 (19), 10033 (15), 10034 (12), 10035 (7)
   10036 (9), 10036 (9), 10037 (10), 10038 (4), 10039 (3), 10040 (18), 10044 (3), 10065 (6), 10075 (4)
   10128 (16), 10128 (16), 10301 (26), 10302 (14), 10303 (15), 10304 (34), 10305 (30), 10306 (51)
   10307 (15), 10307 (15), 10308 (12), 10309 (30), 10310 (24), 10312 (55), 10314 (61), 10451 (24)
   10452 (26), 10452 (26), 10453 (30), 10454 (12), 10455 (14), 10456 (31), 10457 (19), 10458 (30)
   10459 (11), 10459 (11), 10460 (32), 10461 (38), 10462 (32), 10463 (5), 10464 (4), 10465 (48)
   10466 (36), 10466 (36), 10467 (44), 10468 (31), 10469 (27), 10470 (2), 10471 (13), 10472 (18)
   10473 (33), 10473 (33), 10474 (7), 10475 (16), 11004 (2), 11101 (10), 11102 (11), 11103 (14)
   11104 (7), 11104 (7), 11105 (19), 11106 (14), 11109 (2), 11201 (8), 11203 (15), 11204 (21)
   11205 (8), 11205 (8), 11206 (20), 11207 (22), 11208 (36), 11209 (17), 11210 (19), 11211 (24)
   11212 (30), 11212 (30), 11213 (17), 11214 (35), 11215 (16), 11216 (10), 11217 (6), 11218 (14)
   11219 (20), 11219 (20), 11220 (33), 11221 (22), 11222 (6), 11223 (27), 11224 (31), 11225 (7)
   11226 (16), 11226 (16), 11228 (14), 11229 (49), 11230 (39), 11231 (17), 11232 (15), 11233 (10)
   11234 (29), 11234 (29), 11235 (26), 11236 (21), 11237 (10), 11238 (6), 11239 (6), 11354 (6)
   11355 (27), 11355 (27), 11356 (5), 11357 (9), 11358 (10), 11360 (1), 11361 (5), 11362 (4)
   11364 (10), 11364 (10), 11365 (12), 11366 (4), 11367 (7), 11368 (34), 11369 (20), 11370 (5)
   11372 (16), 11372 (16), 11373 (46), 11374 (6), 11375 (12), 11377 (19), 11378 (22), 11379 (17)
   11385 (39), 11385 (39), 11411 (2), 11412 (11), 11413 (9), 11414 (2), 11415 (3), 11416 (1)
   11417 (9), 11417 (9), 11418 (8), 11419 (26), 11420 (20), 11421 (11), 11422 (9), 11423 (3)
   11426 (16), 11426 (16), 11427 (6), 11428 (6), 11429 (4), 11432 (28), 11433 (1), 11434 (12)
   11435 (7), 11435 (7), 11436 (6), 11691 (8), 11692 (3), 11693 (3), 11694 (7), 11697 (1)
