Comparison between:
  Old: d:/byzip/newyork/2020-10-15/data-by-modzcta.csv
  New: d:/byzip/newyork/2020-10-16/data-by-modzcta.csv
Headers are the same

Zip codes not changed: 10001, 10004, 10005, 10013, 10039, 10044, 10075, 10280, 10282, 10308
   10464, 10464, 10470, 10471, 11096, 11104, 11105, 11106, 11109, 11225, 11231, 11355, 11358
   11360, 11360, 11362, 11363, 11364, 11367, 11378, 11413, 11415, 11423, 11427, 11693, 11694
   11697, 11697

Zip codes with changes: 10002 (3), 10003 (4), 10006 (1), 10007 (2), 10009 (5), 10010 (1), 10011 (1)
   10012 (3), 10012 (3), 10014 (2), 10016 (2), 10017 (1), 10018 (1), 10019 (2), 10021 (1), 10022 (2)
   10023 (2), 10023 (2), 10024 (1), 10025 (4), 10026 (4), 10027 (5), 10028 (3), 10029 (5), 10030 (2)
   10031 (2), 10031 (2), 10032 (3), 10033 (3), 10034 (4), 10035 (4), 10036 (1), 10037 (1), 10038 (3)
   10040 (1), 10040 (1), 10065 (1), 10069 (1), 10128 (-1), 10301 (1), 10302 (3), 10303 (1), 10304 (4)
   10305 (2), 10305 (2), 10306 (2), 10307 (1), 10309 (2), 10310 (1), 10312 (5), 10314 (10), 10451 (8)
   10452 (4), 10452 (4), 10453 (12), 10454 (2), 10455 (4), 10456 (3), 10457 (11), 10458 (9), 10459 (4)
   10460 (4), 10460 (4), 10461 (2), 10462 (10), 10463 (3), 10465 (4), 10466 (2), 10467 (3), 10468 (6)
   10469 (3), 10469 (3), 10472 (5), 10473 (3), 10474 (2), 10475 (2), 11004 (5), 11101 (5), 11102 (6)
   11103 (3), 11103 (3), 11201 (3), 11203 (4), 11204 (7), 11205 (3), 11206 (5), 11207 (2), 11208 (4)
   11209 (6), 11209 (6), 11210 (6), 11211 (9), 11212 (3), 11213 (1), 11214 (14), 11215 (4), 11216 (9)
   11217 (4), 11217 (4), 11218 (14), 11219 (19), 11220 (4), 11221 (3), 11222 (4), 11223 (13), 11224 (1)
   11226 (5), 11226 (5), 11228 (5), 11229 (13), 11230 (16), 11232 (2), 11233 (1), 11234 (10), 11235 (7)
   11236 (6), 11236 (6), 11237 (5), 11238 (2), 11239 (2), 11354 (5), 11356 (1), 11357 (3), 11361 (2)
   11365 (2), 11365 (2), 11366 (3), 11368 (5), 11369 (3), 11370 (5), 11372 (6), 11373 (1), 11374 (3)
   11375 (4), 11375 (4), 11377 (14), 11379 (1), 11385 (10), 11411 (2), 11412 (2), 11414 (2), 11416 (2)
   11417 (1), 11417 (1), 11418 (2), 11419 (-1), 11420 (1), 11421 (2), 11422 (2), 11426 (2), 11428 (2)
   11429 (2), 11429 (2), 11432 (9), 11433 (1), 11434 (1), 11435 (2), 11436 (1), 11691 (4), 11692 (1)
   
