Comparison between:
  Old: d:/byzip/newyork/2021-01-12/data-by-modzcta.csv
  New: d:/byzip/newyork/2021-01-13/data-by-modzcta.csv
Headers are the same

Zip codes not changed: 10006, 10007, 10282

Zip codes with changes: 10001 (2), 10002 (25), 10003 (16), 10004 (6), 10005 (4), 10009 (23), 10010 (10)
   10011 (10), 10011 (10), 10012 (6), 10013 (9), 10014 (9), 10016 (14), 10017 (7), 10018 (3)
   10019 (10), 10019 (10), 10021 (8), 10022 (6), 10023 (11), 10024 (15), 10025 (23), 10026 (12)
   10027 (19), 10027 (19), 10028 (16), 10029 (37), 10030 (13), 10031 (19), 10032 (27), 10033 (27)
   10034 (25), 10034 (25), 10035 (8), 10036 (6), 10037 (8), 10038 (2), 10039 (15), 10040 (24)
   10044 (5), 10044 (5), 10065 (3), 10069 (2), 10075 (13), 10128 (18), 10280 (3), 10301 (27), 10302 (15)
   10303 (16), 10303 (16), 10304 (57), 10305 (33), 10306 (50), 10307 (9), 10308 (29), 10309 (28)
   10310 (21), 10310 (21), 10312 (82), 10314 (83), 10451 (29), 10452 (27), 10453 (38), 10454 (15)
   10455 (25), 10455 (25), 10456 (37), 10457 (32), 10458 (36), 10459 (19), 10460 (28), 10461 (26)
   10462 (36), 10462 (36), 10463 (39), 10464 (1), 10465 (28), 10466 (27), 10467 (42), 10468 (33)
   10469 (48), 10469 (48), 10470 (14), 10471 (12), 10472 (32), 10473 (35), 10474 (7), 10475 (15)
   11004 (15), 11004 (15), 11101 (12), 11102 (16), 11103 (14), 11104 (7), 11105 (12), 11106 (20)
   11109 (4), 11109 (4), 11201 (21), 11203 (27), 11204 (51), 11205 (13), 11206 (31), 11207 (53)
   11208 (69), 11208 (69), 11209 (45), 11210 (18), 11211 (40), 11212 (41), 11213 (25), 11214 (53)
   11215 (23), 11215 (23), 11216 (22), 11217 (12), 11218 (40), 11219 (35), 11220 (68), 11221 (47)
   11222 (21), 11222 (21), 11223 (56), 11224 (36), 11225 (23), 11226 (47), 11228 (30), 11229 (48)
   11230 (52), 11230 (52), 11231 (17), 11232 (28), 11233 (26), 11234 (43), 11235 (72), 11236 (69)
   11237 (20), 11237 (20), 11238 (17), 11239 (22), 11354 (30), 11355 (45), 11356 (13), 11357 (22)
   11358 (17), 11358 (17), 11360 (11), 11361 (14), 11362 (11), 11363 (3), 11364 (18), 11365 (20)
   11366 (15), 11366 (15), 11367 (24), 11368 (48), 11369 (20), 11370 (12), 11372 (41), 11373 (53)
   11374 (27), 11374 (27), 11375 (27), 11377 (64), 11378 (29), 11379 (34), 11385 (61), 11411 (15)
   11412 (19), 11412 (19), 11413 (14), 11414 (28), 11415 (16), 11416 (29), 11417 (26), 11418 (26)
   11419 (34), 11419 (34), 11420 (34), 11421 (17), 11422 (22), 11423 (22), 11426 (16), 11427 (29)
   11428 (14), 11428 (14), 11429 (9), 11432 (31), 11433 (33), 11434 (51), 11435 (45), 11436 (5)
   11691 (45), 11691 (45), 11692 (19), 11693 (7), 11694 (24), 11697 (2)
