Comparison between:
  Old: d:/byzip/newyork/2021-01-04/data-by-modzcta.csv
  New: d:/byzip/newyork/2021-01-05/data-by-modzcta.csv
Headers are the same

Zip codes not changed: 10282, 11697

Zip codes with changes: 10001 (4), 10002 (38), 10003 (5), 10004 (1), 10005 (2), 10006 (4), 10007 (1)
   10009 (20), 10009 (20), 10010 (4), 10011 (11), 10012 (3), 10013 (10), 10014 (3), 10016 (6)
   10017 (4), 10017 (4), 10018 (-1), 10019 (6), 10021 (10), 10022 (12), 10023 (15), 10024 (7)
   10025 (26), 10025 (26), 10026 (13), 10027 (18), 10028 (14), 10029 (30), 10030 (6), 10031 (14)
   10032 (32), 10032 (32), 10033 (17), 10034 (25), 10035 (12), 10036 (6), 10037 (14), 10038 (6)
   10039 (16), 10039 (16), 10040 (18), 10044 (2), 10065 (6), 10069 (1), 10075 (9), 10128 (13)
   10280 (4), 10280 (4), 10301 (29), 10302 (18), 10303 (21), 10304 (35), 10305 (58), 10306 (64)
   10307 (17), 10307 (17), 10308 (28), 10309 (41), 10310 (21), 10312 (73), 10314 (93), 10451 (19)
   10452 (43), 10452 (43), 10453 (25), 10454 (22), 10455 (21), 10456 (42), 10457 (29), 10458 (36)
   10459 (27), 10459 (27), 10460 (22), 10461 (19), 10462 (37), 10463 (31), 10464 (2), 10465 (31)
   10466 (37), 10466 (37), 10467 (52), 10468 (35), 10469 (25), 10470 (8), 10471 (4), 10472 (33)
   10473 (32), 10473 (32), 10474 (5), 10475 (16), 11004 (5), 11101 (16), 11102 (13), 11103 (14)
   11104 (12), 11104 (12), 11105 (14), 11106 (11), 11109 (3), 11201 (17), 11203 (28), 11204 (53)
   11205 (6), 11205 (6), 11206 (22), 11207 (40), 11208 (30), 11209 (40), 11210 (14), 11211 (24)
   11212 (27), 11212 (27), 11213 (17), 11214 (49), 11215 (15), 11216 (7), 11217 (10), 11218 (39)
   11219 (51), 11219 (51), 11220 (73), 11221 (27), 11222 (5), 11223 (69), 11224 (26), 11225 (17)
   11226 (20), 11226 (20), 11228 (45), 11229 (52), 11230 (50), 11231 (7), 11232 (11), 11233 (17)
   11234 (28), 11234 (28), 11235 (62), 11236 (39), 11237 (8), 11238 (12), 11239 (14), 11354 (14)
   11355 (25), 11355 (25), 11356 (10), 11357 (18), 11358 (12), 11360 (6), 11361 (14), 11362 (5)
   11363 (1), 11363 (1), 11364 (15), 11365 (26), 11366 (5), 11367 (28), 11368 (56), 11369 (21)
   11370 (19), 11370 (19), 11372 (34), 11373 (51), 11374 (21), 11375 (34), 11377 (50), 11378 (27)
   11379 (18), 11379 (18), 11385 (42), 11411 (6), 11412 (14), 11413 (16), 11414 (15), 11415 (14)
   11416 (14), 11416 (14), 11417 (37), 11418 (28), 11419 (56), 11420 (52), 11421 (16), 11422 (18)
   11423 (21), 11423 (21), 11426 (10), 11427 (22), 11428 (18), 11429 (14), 11432 (32), 11433 (13)
   11434 (17), 11434 (17), 11435 (30), 11436 (8), 11691 (43), 11692 (8), 11693 (5), 11694 (8)
   
