Comparison between:
  Old: d:/byzip/newyork/2020-12-16/data-by-modzcta.csv
  New: d:/byzip/newyork/2020-12-17/data-by-modzcta.csv
Headers are the same

Zip codes not changed: 10004, 10006, 10044, 10069, 10280

Zip codes with changes: 10001 (4), 10002 (31), 10003 (14), 10005 (1), 10007 (1), 10009 (7), 10010 (8)
   10011 (7), 10011 (7), 10012 (7), 10013 (5), 10014 (7), 10016 (22), 10017 (6), 10018 (1), 10019 (9)
   10021 (9), 10021 (9), 10022 (6), 10023 (16), 10024 (5), 10025 (18), 10026 (7), 10027 (9), 10028 (7)
   10029 (12), 10029 (12), 10030 (6), 10031 (14), 10032 (19), 10033 (17), 10034 (16), 10035 (10)
   10036 (7), 10036 (7), 10037 (5), 10038 (4), 10039 (4), 10040 (18), 10065 (8), 10075 (4), 10128 (6)
   10282 (1), 10282 (1), 10301 (15), 10302 (9), 10303 (12), 10304 (26), 10305 (18), 10306 (32)
   10307 (10), 10307 (10), 10308 (12), 10309 (17), 10310 (17), 10312 (26), 10314 (60), 10451 (9)
   10452 (31), 10452 (31), 10453 (23), 10454 (13), 10455 (13), 10456 (17), 10457 (24), 10458 (28)
   10459 (11), 10459 (11), 10460 (17), 10461 (22), 10462 (23), 10463 (33), 10464 (3), 10465 (13)
   10466 (20), 10466 (20), 10467 (33), 10468 (39), 10469 (39), 10470 (4), 10471 (8), 10472 (24)
   10473 (23), 10473 (23), 10474 (3), 10475 (12), 11004 (5), 11101 (11), 11102 (15), 11103 (17)
   11104 (5), 11104 (5), 11105 (5), 11106 (8), 11109 (5), 11201 (8), 11203 (10), 11204 (24), 11205 (4)
   11206 (20), 11206 (20), 11207 (19), 11208 (44), 11209 (18), 11210 (16), 11211 (27), 11212 (23)
   11213 (11), 11213 (11), 11214 (36), 11215 (7), 11216 (12), 11217 (8), 11218 (23), 11219 (28)
   11220 (30), 11220 (30), 11221 (22), 11222 (10), 11223 (53), 11224 (15), 11225 (3), 11226 (18)
   11228 (17), 11228 (17), 11229 (44), 11230 (27), 11231 (4), 11232 (20), 11233 (21), 11234 (17)
   11235 (42), 11235 (42), 11236 (15), 11237 (9), 11238 (10), 11239 (2), 11354 (18), 11355 (31)
   11356 (9), 11356 (9), 11357 (7), 11358 (17), 11360 (7), 11361 (3), 11362 (5), 11363 (1), 11364 (7)
   11365 (11), 11365 (11), 11366 (7), 11367 (15), 11368 (27), 11369 (13), 11370 (11), 11372 (18)
   11373 (44), 11373 (44), 11374 (17), 11375 (19), 11377 (34), 11378 (7), 11379 (6), 11385 (25)
   11411 (1), 11411 (1), 11412 (4), 11413 (5), 11414 (18), 11415 (8), 11416 (6), 11417 (8), 11418 (10)
   11419 (25), 11419 (25), 11420 (10), 11421 (19), 11422 (10), 11423 (7), 11426 (3), 11427 (5)
   11428 (8), 11428 (8), 11429 (3), 11432 (15), 11433 (14), 11434 (16), 11435 (13), 11436 (14)
   11691 (24), 11691 (24), 11692 (4), 11693 (4), 11694 (22), 11697 (3)
