Comparison between:
  Old: d:/byzip/newyork/2020-10-23/data-by-modzcta.csv
  New: d:/byzip/newyork/2020-10-24/data-by-modzcta.csv
Headers are the same

Zip codes not changed: 10018, 10026, 10037, 10044, 10065, 10075, 10280, 10282, 10310, 10464
   10470, 10470, 10471, 10474, 11217, 11356, 11360, 11363, 11365, 11411, 11413, 11692, 11694
   11697, 11697

Zip codes with changes: 10001 (3), 10002 (11), 10003 (39), 10004 (1), 10005 (1), 10006 (2), 10007 (2)
   10009 (16), 10009 (16), 10010 (7), 10011 (17), 10012 (9), 10013 (10), 10014 (4), 10016 (13)
   10017 (1), 10017 (1), 10019 (7), 10021 (4), 10022 (8), 10023 (6), 10024 (5), 10025 (12), 10027 (4)
   10028 (7), 10028 (7), 10029 (12), 10030 (2), 10031 (6), 10032 (8), 10033 (2), 10034 (3), 10035 (-1)
   10036 (4), 10036 (4), 10038 (3), 10039 (1), 10040 (6), 10069 (2), 10128 (7), 10301 (3), 10302 (3)
   10303 (3), 10303 (3), 10304 (5), 10305 (5), 10306 (6), 10307 (2), 10308 (5), 10309 (8), 10312 (7)
   10314 (13), 10314 (13), 10451 (5), 10452 (8), 10453 (3), 10454 (1), 10455 (6), 10456 (9), 10457 (8)
   10458 (17), 10458 (17), 10459 (6), 10460 (5), 10461 (2), 10462 (14), 10463 (3), 10465 (7)
   10466 (5), 10466 (5), 10467 (8), 10468 (5), 10469 (5), 10472 (6), 10473 (6), 10475 (3), 11004 (2)
   11101 (6), 11101 (6), 11102 (1), 11103 (4), 11104 (6), 11105 (5), 11106 (12), 11109 (3), 11201 (13)
   11203 (1), 11203 (1), 11204 (8), 11205 (5), 11206 (13), 11207 (7), 11208 (6), 11209 (17), 11210 (5)
   11211 (16), 11211 (16), 11212 (8), 11213 (4), 11214 (16), 11215 (5), 11216 (2), 11218 (11)
   11219 (9), 11219 (9), 11220 (7), 11221 (6), 11222 (4), 11223 (14), 11224 (5), 11225 (6), 11226 (3)
   11228 (5), 11228 (5), 11229 (4), 11230 (16), 11231 (3), 11232 (4), 11233 (6), 11234 (5), 11235 (7)
   11236 (7), 11236 (7), 11237 (6), 11238 (8), 11239 (2), 11354 (7), 11355 (8), 11357 (6), 11358 (5)
   11361 (6), 11361 (6), 11362 (-1), 11364 (5), 11366 (2), 11367 (2), 11368 (18), 11369 (4), 11370 (4)
   11372 (14), 11372 (14), 11373 (13), 11374 (8), 11375 (10), 11377 (13), 11378 (3), 11379 (5)
   11385 (24), 11385 (24), 11412 (3), 11414 (3), 11415 (1), 11416 (3), 11417 (7), 11418 (2), 11419 (6)
   11420 (5), 11420 (5), 11421 (7), 11422 (1), 11423 (5), 11426 (2), 11427 (4), 11428 (3), 11429 (5)
   11432 (5), 11432 (5), 11433 (4), 11434 (1), 11435 (9), 11436 (7), 11691 (1), 11693 (1)
