Comparison between:
  Old: d:/byzip/newyork/2020-10-26/data-by-modzcta.csv
  New: d:/byzip/newyork/2020-10-27/data-by-modzcta.csv
Headers are the same

Zip codes not changed: 10004, 10006, 10069, 10280, 10310, 10464, 11109, 11238, 11362, 11363
   11427, 11427

Zip codes with changes: 10001 (2), 10002 (9), 10003 (6), 10005 (1), 10007 (2), 10009 (2), 10010 (2)
   10011 (10), 10011 (10), 10012 (4), 10013 (2), 10014 (3), 10016 (2), 10017 (2), 10018 (-49), 10019 (4)
   10021 (5), 10021 (5), 10022 (6), 10023 (9), 10024 (3), 10025 (11), 10026 (3), 10027 (6), 10028 (5)
   10029 (7), 10029 (7), 10030 (4), 10031 (15), 10032 (16), 10033 (6), 10034 (6), 10035 (4), 10036 (6)
   10037 (2), 10037 (2), 10038 (3), 10039 (5), 10040 (3), 10044 (2), 10065 (8), 10075 (5), 10128 (4)
   10282 (1), 10282 (1), 10301 (13), 10302 (1), 10303 (6), 10304 (9), 10305 (12), 10306 (10), 10307 (1)
   10308 (7), 10308 (7), 10309 (9), 10312 (4), 10314 (18), 10451 (6), 10452 (12), 10453 (21), 10454 (5)
   10455 (5), 10455 (5), 10456 (7), 10457 (19), 10458 (14), 10459 (10), 10460 (9), 10461 (15)
   10462 (16), 10462 (16), 10463 (2), 10465 (1), 10466 (7), 10467 (18), 10468 (7), 10469 (15)
   10470 (1), 10470 (1), 10471 (4), 10472 (7), 10473 (14), 10474 (2), 10475 (6), 11004 (2), 11101 (4)
   11102 (3), 11102 (3), 11103 (5), 11104 (4), 11105 (3), 11106 (3), 11201 (6), 11203 (4), 11204 (14)
   11205 (6), 11205 (6), 11206 (19), 11207 (3), 11208 (8), 11209 (11), 11210 (4), 11211 (15), 11212 (8)
   11213 (8), 11213 (8), 11214 (20), 11215 (14), 11216 (6), 11217 (1), 11218 (8), 11219 (19), 11220 (14)
   11221 (11), 11221 (11), 11222 (5), 11223 (25), 11224 (4), 11225 (9), 11226 (13), 11228 (4)
   11229 (11), 11229 (11), 11230 (21), 11231 (6), 11232 (4), 11233 (6), 11234 (11), 11235 (12)
   11236 (8), 11236 (8), 11237 (8), 11239 (3), 11354 (2), 11355 (4), 11356 (2), 11357 (7), 11358 (1)
   11360 (1), 11360 (1), 11361 (5), 11364 (2), 11365 (5), 11366 (1), 11367 (11), 11368 (11), 11369 (2)
   11370 (9), 11370 (9), 11372 (9), 11373 (14), 11374 (8), 11375 (7), 11377 (13), 11378 (7), 11379 (4)
   11385 (13), 11385 (13), 11411 (2), 11412 (5), 11413 (1), 11414 (1), 11415 (4), 11416 (3), 11417 (1)
   11418 (6), 11418 (6), 11419 (2), 11420 (5), 11421 (2), 11422 (1), 11423 (9), 11426 (1), 11428 (2)
   11429 (7), 11429 (7), 11432 (10), 11433 (2), 11434 (4), 11435 (9), 11436 (1), 11691 (8), 11692 (2)
   11693 (2), 11693 (2), 11694 (1), 11697 (1)
