Comparison between:
  Old: d:/byzip/newyork/2021-03-19/data-by-modzcta.csv
  New: d:/byzip/newyork/2021-03-20/data-by-modzcta.csv
Headers are the same

Zip codes not changed: 10001, 10004, 10019, 10075, 10280, 10282, 10464, 10474, 11004, 11109
   11211, 11211, 11217, 11697

Zip codes with changes: 10002 (22), 10003 (6), 10005 (2), 10006 (1), 10007 (2), 10009 (10), 10010 (8)
   10011 (9), 10011 (9), 10012 (5), 10013 (6), 10014 (5), 10016 (9), 10017 (2), 10018 (3), 10021 (6)
   10022 (2), 10022 (2), 10023 (7), 10024 (7), 10025 (16), 10026 (5), 10027 (10), 10028 (6), 10029 (10)
   10030 (5), 10030 (5), 10031 (18), 10032 (13), 10033 (14), 10034 (15), 10035 (9), 10036 (7)
   10037 (8), 10037 (8), 10038 (5), 10039 (3), 10040 (9), 10044 (2), 10065 (5), 10069 (4), 10128 (4)
   10301 (5), 10301 (5), 10302 (8), 10303 (10), 10304 (11), 10305 (14), 10306 (20), 10307 (4)
   10308 (8), 10308 (8), 10309 (7), 10310 (5), 10312 (10), 10314 (40), 10451 (7), 10452 (23), 10453 (22)
   10454 (18), 10454 (18), 10455 (12), 10456 (30), 10457 (17), 10458 (29), 10459 (10), 10460 (10)
   10461 (2), 10461 (2), 10462 (19), 10463 (10), 10465 (6), 10466 (9), 10467 (24), 10468 (27)
   10469 (11), 10469 (11), 10470 (3), 10471 (7), 10472 (12), 10473 (14), 10475 (1), 11101 (9)
   11102 (5), 11102 (5), 11103 (16), 11104 (11), 11105 (10), 11106 (9), 11201 (8), 11203 (10)
   11204 (22), 11204 (22), 11205 (9), 11206 (24), 11207 (29), 11208 (31), 11209 (9), 11210 (9)
   11212 (20), 11212 (20), 11213 (16), 11214 (31), 11215 (13), 11216 (7), 11218 (18), 11219 (39)
   11220 (43), 11220 (43), 11221 (16), 11222 (9), 11223 (26), 11224 (23), 11225 (8), 11226 (17)
   11228 (18), 11228 (18), 11229 (30), 11230 (20), 11231 (10), 11232 (9), 11233 (17), 11234 (25)
   11235 (26), 11235 (26), 11236 (16), 11237 (7), 11238 (13), 11239 (8), 11354 (35), 11355 (56)
   11356 (15), 11356 (15), 11357 (16), 11358 (11), 11360 (6), 11361 (2), 11362 (4), 11363 (2)
   11364 (3), 11364 (3), 11365 (6), 11366 (5), 11367 (14), 11368 (29), 11369 (14), 11370 (10)
   11372 (22), 11372 (22), 11373 (33), 11374 (11), 11375 (22), 11377 (28), 11378 (13), 11379 (12)
   11385 (31), 11385 (31), 11411 (4), 11412 (5), 11413 (16), 11414 (8), 11415 (1), 11416 (11)
   11417 (3), 11417 (3), 11418 (14), 11419 (20), 11420 (14), 11421 (17), 11422 (7), 11423 (5)
   11426 (4), 11426 (4), 11427 (8), 11428 (5), 11429 (5), 11432 (9), 11433 (2), 11434 (17), 11435 (13)
   11436 (9), 11436 (9), 11691 (18), 11692 (2), 11693 (1), 11694 (2)
