Comparison between:
  Old: d:/byzip/newyork/2021-01-05/data-by-modzcta.csv
  New: d:/byzip/newyork/2021-01-06/data-by-modzcta.csv
Headers are the same

Zip codes not changed: 10007

Zip codes with changes: 10001 (7), 10002 (22), 10003 (11), 10004 (3), 10005 (2), 10006 (2), 10009 (15)
   10010 (7), 10010 (7), 10011 (7), 10012 (1), 10013 (10), 10014 (6), 10016 (25), 10017 (5), 10018 (2)
   10019 (9), 10019 (9), 10021 (12), 10022 (5), 10023 (13), 10024 (18), 10025 (18), 10026 (4)
   10027 (35), 10027 (35), 10028 (9), 10029 (29), 10030 (14), 10031 (29), 10032 (21), 10033 (27)
   10034 (18), 10034 (18), 10035 (12), 10036 (8), 10037 (5), 10038 (1), 10039 (8), 10040 (15)
   10044 (3), 10044 (3), 10065 (6), 10069 (6), 10075 (10), 10128 (14), 10280 (2), 10282 (1), 10301 (32)
   10302 (12), 10302 (12), 10303 (11), 10304 (34), 10305 (42), 10306 (55), 10307 (15), 10308 (32)
   10309 (63), 10309 (63), 10310 (16), 10312 (75), 10314 (84), 10451 (24), 10452 (38), 10453 (35)
   10454 (16), 10454 (16), 10455 (11), 10456 (29), 10457 (27), 10458 (33), 10459 (21), 10460 (29)
   10461 (25), 10461 (25), 10462 (30), 10463 (40), 10464 (1), 10465 (29), 10466 (25), 10467 (43)
   10468 (45), 10468 (45), 10469 (27), 10470 (10), 10471 (11), 10472 (31), 10473 (24), 10474 (1)
   10475 (14), 10475 (14), 11004 (6), 11101 (17), 11102 (12), 11103 (20), 11104 (9), 11105 (12)
   11106 (21), 11106 (21), 11109 (1), 11201 (17), 11203 (23), 11204 (36), 11205 (12), 11206 (32)
   11207 (36), 11207 (36), 11208 (39), 11209 (32), 11210 (29), 11211 (28), 11212 (34), 11213 (16)
   11214 (55), 11214 (55), 11215 (20), 11216 (13), 11217 (13), 11218 (28), 11219 (34), 11220 (74)
   11221 (36), 11221 (36), 11222 (10), 11223 (54), 11224 (19), 11225 (22), 11226 (36), 11228 (28)
   11229 (54), 11229 (54), 11230 (58), 11231 (12), 11232 (18), 11233 (23), 11234 (41), 11235 (51)
   11236 (30), 11236 (30), 11237 (23), 11238 (15), 11239 (15), 11354 (28), 11355 (42), 11356 (18)
   11357 (17), 11357 (17), 11358 (9), 11360 (7), 11361 (18), 11362 (3), 11363 (2), 11364 (16)
   11365 (29), 11365 (29), 11366 (5), 11367 (29), 11368 (59), 11369 (26), 11370 (29), 11372 (29)
   11373 (46), 11373 (46), 11374 (27), 11375 (39), 11377 (40), 11378 (14), 11379 (15), 11385 (46)
   11411 (3), 11411 (3), 11412 (14), 11413 (12), 11414 (20), 11415 (8), 11416 (20), 11417 (24)
   11418 (29), 11418 (29), 11419 (53), 11420 (30), 11421 (37), 11422 (17), 11423 (15), 11426 (21)
   11427 (16), 11427 (16), 11428 (19), 11429 (8), 11432 (40), 11433 (11), 11434 (35), 11435 (42)
   11436 (22), 11436 (22), 11691 (29), 11692 (4), 11693 (7), 11694 (19), 11697 (3)
