Comparison between:
  Old: d:/byzip/newyork/2020-10-12/data-by-modzcta.csv
  New: d:/byzip/newyork/2020-10-13/data-by-modzcta.csv
Headers are the same

Zip codes not changed: 10006, 10007, 10012, 10013, 10018, 10022, 10037, 10039, 10044, 10065
   10069, 10069, 10128, 10280, 10282, 10302, 10454, 10464, 10474, 11004, 11104, 11109, 11203
   11217, 11217, 11228, 11231, 11232, 11238, 11354, 11360, 11361, 11362, 11363, 11366, 11370
   11373, 11373, 11379, 11412, 11413, 11422, 11426, 11427, 11428, 11429, 11692, 11693, 11694
   11697, 11697

Zip codes with changes: 10001 (1), 10002 (7), 10003 (3), 10004 (2), 10005 (1), 10009 (1), 10010 (2)
   10011 (3), 10011 (3), 10014 (3), 10016 (4), 10017 (3), 10019 (3), 10021 (1), 10023 (3), 10024 (2)
   10025 (4), 10025 (4), 10026 (3), 10027 (2), 10028 (3), 10029 (2), 10030 (1), 10031 (6), 10032 (2)
   10033 (3), 10033 (3), 10034 (3), 10035 (1), 10036 (4), 10038 (4), 10040 (2), 10075 (1), 10301 (3)
   10303 (3), 10303 (3), 10304 (1), 10305 (4), 10306 (3), 10307 (1), 10308 (4), 10309 (1), 10310 (1)
   10312 (2), 10312 (2), 10314 (3), 10451 (1), 10452 (3), 10453 (4), 10455 (1), 10456 (3), 10457 (3)
   10458 (4), 10458 (4), 10459 (1), 10460 (5), 10461 (4), 10462 (5), 10463 (1), 10465 (1), 10466 (2)
   10467 (4), 10467 (4), 10468 (2), 10469 (5), 10470 (2), 10471 (1), 10472 (1), 10473 (3), 10475 (1)
   11101 (2), 11101 (2), 11102 (1), 11103 (1), 11105 (5), 11106 (4), 11201 (4), 11204 (4), 11205 (1)
   11206 (4), 11206 (4), 11207 (3), 11208 (5), 11209 (5), 11210 (6), 11211 (10), 11212 (2), 11213 (1)
   11214 (10), 11214 (10), 11215 (3), 11216 (5), 11218 (3), 11219 (10), 11220 (5), 11221 (2)
   11222 (1), 11222 (1), 11223 (6), 11224 (3), 11225 (3), 11226 (2), 11229 (2), 11230 (11), 11233 (1)
   11234 (2), 11234 (2), 11235 (10), 11236 (4), 11237 (1), 11239 (5), 11355 (1), 11356 (6), 11357 (1)
   11358 (1), 11358 (1), 11364 (1), 11365 (3), 11367 (2), 11368 (3), 11369 (1), 11372 (4), 11374 (1)
   11375 (9), 11375 (9), 11377 (2), 11378 (1), 11385 (3), 11411 (4), 11414 (1), 11415 (1), 11416 (4)
   11417 (1), 11417 (1), 11418 (1), 11419 (1), 11420 (5), 11421 (2), 11423 (1), 11432 (5), 11433 (2)
   11434 (2), 11434 (2), 11435 (6), 11436 (1), 11691 (2)
