Comparison between:
  Old: d:/byzip/newyork/2021-02-17/data-by-modzcta.csv
  New: d:/byzip/newyork/2021-02-18/data-by-modzcta.csv
Headers are the same


Zip codes with changes: 10001 (11), 10002 (28), 10003 (17), 10004 (1), 10005 (2), 10006 (2)
   10007 (3), 10007 (3), 10009 (17), 10010 (9), 10011 (10), 10012 (8), 10013 (11), 10014 (10)
   10016 (24), 10016 (24), 10017 (2), 10018 (2), 10019 (35), 10021 (22), 10022 (13), 10023 (21)
   10024 (16), 10024 (16), 10025 (38), 10026 (22), 10027 (36), 10028 (20), 10029 (42), 10030 (12)
   10031 (28), 10031 (28), 10032 (30), 10033 (21), 10034 (27), 10035 (20), 10036 (17), 10037 (3)
   10038 (6), 10038 (6), 10039 (13), 10040 (36), 10044 (3), 10065 (10), 10069 (2), 10075 (21)
   10128 (33), 10128 (33), 10280 (6), 10282 (2), 10301 (23), 10302 (10), 10303 (25), 10304 (26)
   10305 (33), 10305 (33), 10306 (32), 10307 (9), 10308 (22), 10309 (21), 10310 (21), 10312 (44)
   10314 (70), 10314 (70), 10451 (30), 10452 (50), 10453 (114), 10454 (12), 10455 (33), 10456 (51)
   10457 (60), 10457 (60), 10458 (76), 10459 (46), 10460 (54), 10461 (33), 10462 (51), 10463 (32)
   10464 (1), 10464 (1), 10465 (18), 10466 (34), 10467 (70), 10468 (65), 10469 (31), 10470 (6)
   10471 (16), 10471 (16), 10472 (66), 10473 (28), 10474 (9), 10475 (24), 11004 (5), 11101 (29)
   11102 (23), 11102 (23), 11103 (27), 11104 (20), 11105 (34), 11106 (29), 11109 (5), 11201 (19)
   11203 (25), 11203 (25), 11204 (55), 11205 (17), 11206 (47), 11207 (64), 11208 (50), 11209 (39)
   11210 (39), 11210 (39), 11211 (51), 11212 (48), 11213 (33), 11214 (61), 11215 (8), 11216 (18)
   11217 (16), 11217 (16), 11218 (60), 11219 (62), 11220 (67), 11221 (43), 11222 (19), 11223 (75)
   11224 (54), 11224 (54), 11225 (23), 11226 (41), 11228 (26), 11229 (59), 11230 (86), 11231 (16)
   11232 (17), 11232 (17), 11233 (32), 11234 (33), 11235 (98), 11236 (46), 11237 (28), 11238 (17)
   11239 (2), 11239 (2), 11354 (36), 11355 (97), 11356 (28), 11357 (32), 11358 (24), 11360 (14)
   11361 (11), 11361 (11), 11362 (8), 11363 (2), 11364 (11), 11365 (19), 11366 (8), 11367 (23)
   11368 (91), 11368 (91), 11369 (38), 11370 (59), 11372 (53), 11373 (63), 11374 (34), 11375 (54)
   11377 (63), 11377 (63), 11378 (21), 11379 (19), 11385 (90), 11411 (12), 11412 (14), 11413 (18)
   11414 (51), 11414 (51), 11415 (20), 11416 (22), 11417 (31), 11418 (28), 11419 (33), 11420 (38)
   11421 (33), 11421 (33), 11422 (19), 11423 (18), 11426 (16), 11427 (9), 11428 (7), 11429 (16)
   11432 (46), 11432 (46), 11433 (17), 11434 (21), 11435 (39), 11436 (15), 11691 (38), 11692 (5)
   11693 (2), 11693 (2), 11694 (9), 11697 (5)
