Comparison between:
  Old: d:/byzip/newyork/2020-09-26/data-by-modzcta.csv
  New: d:/byzip/newyork/2020-09-27/data-by-modzcta.csv
Headers are the same

Zip codes not changed: 10001, 10004, 10005, 10010, 10011, 10013, 10014, 10017, 10018, 10021
   10022, 10022, 10026, 10027, 10030, 10032, 10037, 10038, 10039, 10040, 10044, 10065, 10069
   10075, 10075, 10282, 10301, 10303, 10308, 10454, 10457, 10460, 10461, 10464, 10466, 10471
   10474, 10474, 11104, 11105, 11106, 11109, 11215, 11228, 11356, 11357, 11358, 11360, 11361
   11363, 11363, 11369, 11370, 11372, 11411, 11413, 11417, 11421, 11422, 11423, 11428, 11433
   11434, 11434, 11692, 11693, 11694, 11697

Zip codes with changes: 10002 (1), 10003 (3), 10006 (1), 10007 (2), 10009 (2), 10012 (2), 10016 (4)
   10019 (1), 10019 (1), 10023 (1), 10024 (1), 10025 (2), 10028 (1), 10029 (1), 10031 (2), 10033 (2)
   10034 (2), 10034 (2), 10035 (-1), 10036 (1), 10128 (1), 10280 (1), 10302 (1), 10304 (1), 10305 (7)
   10306 (3), 10306 (3), 10307 (1), 10309 (3), 10310 (3), 10312 (1), 10314 (4), 10451 (1), 10452 (2)
   10453 (3), 10453 (3), 10455 (1), 10456 (4), 10458 (2), 10459 (3), 10462 (4), 10463 (3), 10465 (3)
   10467 (2), 10467 (2), 10468 (5), 10469 (1), 10470 (-1), 10472 (4), 10473 (2), 10475 (2), 11004 (-1)
   11101 (3), 11101 (3), 11102 (2), 11103 (3), 11201 (-1), 11203 (2), 11204 (14), 11205 (5), 11206 (8)
   11207 (5), 11207 (5), 11208 (1), 11209 (3), 11210 (11), 11211 (5), 11212 (5), 11213 (4), 11214 (1)
   11216 (2), 11216 (2), 11217 (-3), 11218 (5), 11219 (19), 11220 (2), 11221 (1), 11222 (3), 11223 (23)
   11224 (1), 11224 (1), 11225 (3), 11226 (1), 11229 (9), 11230 (17), 11231 (1), 11232 (-1), 11233 (4)
   11234 (5), 11234 (5), 11235 (8), 11236 (2), 11237 (1), 11238 (2), 11239 (1), 11354 (1), 11355 (3)
   11362 (1), 11362 (1), 11364 (1), 11365 (4), 11366 (1), 11367 (8), 11368 (1), 11373 (2), 11374 (4)
   11375 (1), 11375 (1), 11377 (3), 11378 (1), 11379 (3), 11385 (3), 11412 (1), 11414 (1), 11415 (3)
   11416 (1), 11416 (1), 11418 (2), 11419 (1), 11420 (2), 11426 (1), 11427 (1), 11429 (-1), 11432 (3)
   11435 (2), 11435 (2), 11436 (2), 11691 (10)
