Comparison between:
  Old: d:/byzip/newyork/2020-12-05/data-by-modzcta.csv
  New: d:/byzip/newyork/2020-12-06/data-by-modzcta.csv
Headers are the same

Zip codes not changed: 10004, 10006, 10044, 10069, 10282, 11109

Zip codes with changes: 10001 (10), 10002 (17), 10003 (11), 10005 (2), 10007 (5), 10009 (10)
   10010 (4), 10010 (4), 10011 (9), 10012 (7), 10013 (9), 10014 (8), 10016 (19), 10017 (1), 10018 (5)
   10019 (8), 10019 (8), 10021 (14), 10022 (5), 10023 (6), 10024 (2), 10025 (18), 10026 (8), 10027 (9)
   10028 (10), 10028 (10), 10029 (19), 10030 (10), 10031 (14), 10032 (27), 10033 (19), 10034 (12)
   10035 (11), 10035 (11), 10036 (7), 10037 (6), 10038 (4), 10039 (1), 10040 (14), 10065 (4)
   10075 (3), 10075 (3), 10128 (16), 10280 (1), 10301 (23), 10302 (14), 10303 (10), 10304 (29)
   10305 (31), 10305 (31), 10306 (53), 10307 (7), 10308 (28), 10309 (23), 10310 (10), 10312 (36)
   10314 (58), 10314 (58), 10451 (19), 10452 (29), 10453 (24), 10454 (15), 10455 (15), 10456 (26)
   10457 (25), 10457 (25), 10458 (12), 10459 (15), 10460 (17), 10461 (26), 10462 (33), 10463 (26)
   10464 (5), 10464 (5), 10465 (20), 10466 (15), 10467 (22), 10468 (24), 10469 (16), 10470 (2)
   10471 (4), 10471 (4), 10472 (22), 10473 (20), 10474 (1), 10475 (1), 11004 (5), 11101 (9), 11102 (8)
   11103 (6), 11103 (6), 11104 (9), 11105 (16), 11106 (11), 11201 (13), 11203 (14), 11204 (16)
   11205 (12), 11205 (12), 11206 (24), 11207 (20), 11208 (30), 11209 (19), 11210 (19), 11211 (32)
   11212 (18), 11212 (18), 11213 (17), 11214 (23), 11215 (7), 11216 (5), 11217 (3), 11218 (11)
   11219 (18), 11219 (18), 11220 (25), 11221 (15), 11222 (3), 11223 (48), 11224 (10), 11225 (3)
   11226 (18), 11226 (18), 11228 (11), 11229 (37), 11230 (41), 11231 (4), 11232 (4), 11233 (12)
   11234 (22), 11234 (22), 11235 (32), 11236 (16), 11237 (14), 11238 (12), 11239 (5), 11354 (11)
   11355 (14), 11355 (14), 11356 (7), 11357 (15), 11358 (6), 11360 (5), 11361 (5), 11362 (5)
   11363 (2), 11363 (2), 11364 (4), 11365 (5), 11366 (1), 11367 (6), 11368 (21), 11369 (6), 11370 (5)
   11372 (11), 11372 (11), 11373 (38), 11374 (8), 11375 (20), 11377 (31), 11378 (13), 11379 (19)
   11385 (27), 11385 (27), 11411 (7), 11412 (11), 11413 (7), 11414 (12), 11415 (7), 11416 (12)
   11417 (11), 11417 (11), 11418 (13), 11419 (24), 11420 (12), 11421 (13), 11422 (10), 11423 (4)
   11426 (10), 11426 (10), 11427 (7), 11428 (2), 11429 (5), 11432 (13), 11433 (15), 11434 (19)
   11435 (13), 11435 (13), 11436 (7), 11691 (30), 11692 (6), 11693 (9), 11694 (11), 11697 (11)
   
