Comparison between:
  Old: d:/byzip/newyork/2020-10-19/data-by-modzcta.csv
  New: d:/byzip/newyork/2020-10-20/data-by-modzcta.csv
Headers are the same

Zip codes not changed: 10004, 10005, 10006, 10018, 10026, 10027, 10037, 10038, 10040, 10044
   10280, 10280, 10282, 10460, 10464, 10467, 10474, 10475, 11004, 11109, 11213, 11232, 11354
   11356, 11356, 11369, 11415, 11418, 11428, 11433, 11434, 11436, 11692, 11697

Zip codes with changes: 10001 (3), 10002 (3), 10003 (5), 10007 (1), 10009 (-1), 10010 (-1), 10011 (1)
   10012 (1), 10012 (1), 10013 (1), 10014 (1), 10016 (1), 10017 (1), 10019 (2), 10021 (1), 10022 (3)
   10023 (3), 10023 (3), 10024 (2), 10025 (2), 10028 (1), 10029 (4), 10030 (-1), 10031 (5), 10032 (6)
   10033 (3), 10033 (3), 10034 (1), 10035 (3), 10036 (1), 10039 (2), 10065 (3), 10069 (3), 10075 (1)
   10128 (3), 10128 (3), 10301 (-1), 10302 (1), 10303 (-1), 10304 (-1), 10305 (1), 10306 (5)
   10307 (1), 10307 (1), 10308 (2), 10309 (3), 10310 (4), 10312 (2), 10314 (8), 10451 (-1), 10452 (6)
   10453 (4), 10453 (4), 10454 (1), 10455 (4), 10456 (1), 10457 (3), 10458 (7), 10459 (1), 10461 (2)
   10462 (3), 10462 (3), 10463 (5), 10465 (2), 10466 (4), 10468 (3), 10469 (5), 10470 (1), 10471 (2)
   10472 (7), 10472 (7), 10473 (4), 11101 (1), 11102 (1), 11103 (2), 11104 (1), 11105 (2), 11106 (1)
   11201 (2), 11201 (2), 11203 (2), 11204 (3), 11205 (3), 11206 (6), 11207 (3), 11208 (2), 11209 (2)
   11210 (11), 11210 (11), 11211 (9), 11212 (2), 11214 (3), 11215 (3), 11216 (4), 11217 (1), 11218 (7)
   11219 (13), 11219 (13), 11220 (5), 11221 (3), 11222 (1), 11223 (6), 11224 (1), 11225 (4), 11226 (1)
   11228 (2), 11228 (2), 11229 (4), 11230 (9), 11231 (1), 11233 (-1), 11234 (1), 11235 (6), 11236 (1)
   11237 (2), 11237 (2), 11238 (1), 11239 (1), 11355 (1), 11357 (-1), 11358 (1), 11360 (3), 11361 (1)
   11362 (-1), 11362 (-1), 11363 (-1), 11364 (-1), 11365 (3), 11366 (-1), 11367 (1), 11368 (7)
   11370 (2), 11370 (2), 11372 (2), 11373 (11), 11374 (4), 11375 (5), 11377 (3), 11378 (1), 11379 (1)
   11385 (7), 11385 (7), 11411 (1), 11412 (-1), 11413 (2), 11414 (1), 11416 (-1), 11417 (2), 11419 (3)
   11420 (-1), 11420 (-1), 11421 (4), 11422 (1), 11423 (3), 11426 (1), 11427 (2), 11429 (3), 11432 (1)
   11435 (4), 11435 (4), 11691 (3), 11693 (2), 11694 (7)
