Comparison between:
  Old: d:/byzip/newyork/2020-12-27/data-by-modzcta.csv
  New: d:/byzip/newyork/2020-12-28/data-by-modzcta.csv
Headers are the same

Zip codes not changed: 10006, 10007, 10065, 10069

Zip codes with changes: 10001 (4), 10002 (25), 10003 (8), 10004 (1), 10005 (2), 10009 (10), 10010 (7)
   10011 (12), 10011 (12), 10012 (1), 10013 (3), 10014 (1), 10016 (5), 10017 (9), 10018 (3), 10019 (6)
   10021 (2), 10021 (2), 10022 (11), 10023 (6), 10024 (7), 10025 (6), 10026 (9), 10027 (8), 10028 (2)
   10029 (10), 10029 (10), 10030 (4), 10031 (18), 10032 (10), 10033 (9), 10034 (12), 10035 (9)
   10036 (4), 10036 (4), 10037 (2), 10038 (2), 10039 (4), 10040 (9), 10044 (1), 10075 (3), 10128 (19)
   10280 (3), 10280 (3), 10282 (3), 10301 (8), 10302 (9), 10303 (11), 10304 (13), 10305 (15), 10306 (43)
   10307 (3), 10307 (3), 10308 (16), 10309 (19), 10310 (8), 10312 (17), 10314 (55), 10451 (9)
   10452 (25), 10452 (25), 10453 (26), 10454 (9), 10455 (8), 10456 (17), 10457 (13), 10458 (19)
   10459 (18), 10459 (18), 10460 (14), 10461 (23), 10462 (20), 10463 (19), 10464 (2), 10465 (18)
   10466 (15), 10466 (15), 10467 (34), 10468 (27), 10469 (25), 10470 (7), 10471 (6), 10472 (17)
   10473 (21), 10473 (21), 10474 (3), 10475 (5), 11004 (3), 11101 (6), 11102 (11), 11103 (5)
   11104 (8), 11104 (8), 11105 (12), 11106 (5), 11109 (1), 11201 (8), 11203 (17), 11204 (26), 11205 (12)
   11206 (26), 11206 (26), 11207 (27), 11208 (42), 11209 (18), 11210 (22), 11211 (22), 11212 (25)
   11213 (20), 11213 (20), 11214 (43), 11215 (8), 11216 (10), 11217 (6), 11218 (12), 11219 (18)
   11220 (36), 11220 (36), 11221 (14), 11222 (7), 11223 (24), 11224 (22), 11225 (10), 11226 (17)
   11228 (15), 11228 (15), 11229 (42), 11230 (48), 11231 (8), 11232 (12), 11233 (17), 11234 (31)
   11235 (48), 11235 (48), 11236 (16), 11237 (20), 11238 (3), 11239 (5), 11354 (13), 11355 (30)
   11356 (10), 11356 (10), 11357 (23), 11358 (19), 11360 (6), 11361 (7), 11362 (4), 11363 (1)
   11364 (9), 11364 (9), 11365 (11), 11366 (11), 11367 (14), 11368 (40), 11369 (14), 11370 (3)
   11372 (18), 11372 (18), 11373 (20), 11374 (28), 11375 (26), 11377 (37), 11378 (16), 11379 (23)
   11385 (33), 11385 (33), 11411 (2), 11412 (11), 11413 (8), 11414 (12), 11415 (10), 11416 (10)
   11417 (8), 11417 (8), 11418 (8), 11419 (22), 11420 (15), 11421 (22), 11422 (12), 11423 (6)
   11426 (8), 11426 (8), 11427 (11), 11428 (10), 11429 (11), 11432 (16), 11433 (5), 11434 (18)
   11435 (13), 11435 (13), 11436 (9), 11691 (24), 11692 (7), 11693 (-1), 11694 (8), 11697 (2)
   
