Comparison between:
  Old: d:/byzip/newyork/2021-01-27/data-by-modzcta.csv
  New: d:/byzip/newyork/2021-01-28/data-by-modzcta.csv
Headers are the same

Zip codes not changed: 10005, 10006, 10007, 10044, 11697

Zip codes with changes: 10001 (11), 10002 (40), 10003 (13), 10004 (3), 10009 (24), 10010 (11)
   10011 (13), 10011 (13), 10012 (6), 10013 (21), 10014 (8), 10016 (16), 10017 (8), 10018 (4)
   10019 (15), 10019 (15), 10021 (6), 10022 (11), 10023 (10), 10024 (12), 10025 (45), 10026 (23)
   10027 (23), 10027 (23), 10028 (9), 10029 (39), 10030 (12), 10031 (15), 10032 (43), 10033 (34)
   10034 (23), 10034 (23), 10035 (23), 10036 (6), 10037 (4), 10038 (15), 10039 (17), 10040 (36)
   10065 (9), 10065 (9), 10069 (1), 10075 (6), 10128 (19), 10280 (3), 10282 (2), 10301 (26), 10302 (20)
   10303 (21), 10303 (21), 10304 (35), 10305 (35), 10306 (29), 10307 (9), 10308 (12), 10309 (29)
   10310 (18), 10310 (18), 10312 (32), 10314 (57), 10451 (30), 10452 (63), 10453 (51), 10454 (25)
   10455 (24), 10455 (24), 10456 (60), 10457 (43), 10458 (49), 10459 (37), 10460 (47), 10461 (30)
   10462 (38), 10462 (38), 10463 (38), 10464 (2), 10465 (31), 10466 (48), 10467 (62), 10468 (60)
   10469 (39), 10469 (39), 10470 (14), 10471 (11), 10472 (30), 10473 (46), 10474 (7), 10475 (27)
   11004 (7), 11004 (7), 11101 (16), 11102 (13), 11103 (11), 11104 (5), 11105 (13), 11106 (15)
   11109 (5), 11109 (5), 11201 (23), 11203 (35), 11204 (38), 11205 (28), 11206 (44), 11207 (80)
   11208 (79), 11208 (79), 11209 (28), 11210 (27), 11211 (57), 11212 (61), 11213 (37), 11214 (70)
   11215 (16), 11215 (16), 11216 (22), 11217 (18), 11218 (50), 11219 (47), 11220 (65), 11221 (35)
   11222 (16), 11222 (16), 11223 (62), 11224 (62), 11225 (20), 11226 (67), 11228 (24), 11229 (76)
   11230 (107), 11230 (107), 11231 (15), 11232 (22), 11233 (32), 11234 (56), 11235 (105), 11236 (27)
   11237 (29), 11237 (29), 11238 (31), 11239 (10), 11354 (26), 11355 (67), 11356 (8), 11357 (21)
   11358 (6), 11358 (6), 11360 (11), 11361 (11), 11362 (8), 11363 (2), 11364 (7), 11365 (21), 11366 (5)
   11367 (21), 11367 (21), 11368 (48), 11369 (30), 11370 (14), 11372 (32), 11373 (41), 11374 (32)
   11375 (29), 11375 (29), 11377 (63), 11378 (27), 11379 (38), 11385 (89), 11411 (5), 11412 (13)
   11413 (11), 11413 (11), 11414 (20), 11415 (11), 11416 (20), 11417 (26), 11418 (39), 11419 (47)
   11420 (31), 11420 (31), 11421 (30), 11422 (21), 11423 (19), 11426 (8), 11427 (15), 11428 (9)
   11429 (33), 11429 (33), 11432 (43), 11433 (28), 11434 (34), 11435 (33), 11436 (18), 11691 (40)
   11692 (11), 11692 (11), 11693 (7), 11694 (16)
