Comparison between:
  Old: d:/byzip/newyork/2020-11-16/data-by-modzcta.csv
  New: d:/byzip/newyork/2020-11-17/data-by-modzcta.csv
Headers are the same

Zip codes not changed: 10004, 10069, 10282, 10470, 10474, 11109, 11363, 11411

Zip codes with changes: 10001 (12), 10002 (6), 10003 (11), 10005 (1), 10006 (1), 10007 (1), 10009 (8)
   10010 (5), 10010 (5), 10011 (6), 10012 (1), 10013 (7), 10014 (12), 10016 (5), 10017 (5), 10018 (4)
   10019 (20), 10019 (20), 10021 (4), 10022 (8), 10023 (10), 10024 (8), 10025 (11), 10026 (5)
   10027 (7), 10027 (7), 10028 (3), 10029 (9), 10030 (2), 10031 (19), 10032 (23), 10033 (28), 10034 (15)
   10035 (3), 10035 (3), 10036 (13), 10037 (3), 10038 (4), 10039 (5), 10040 (8), 10044 (2), 10065 (2)
   10075 (4), 10075 (4), 10128 (5), 10280 (2), 10301 (13), 10302 (8), 10303 (18), 10304 (20), 10305 (3)
   10306 (25), 10306 (25), 10307 (6), 10308 (8), 10309 (17), 10310 (7), 10312 (19), 10314 (34)
   10451 (5), 10451 (5), 10452 (21), 10453 (19), 10454 (2), 10455 (6), 10456 (20), 10457 (17)
   10458 (10), 10458 (10), 10459 (8), 10460 (13), 10461 (11), 10462 (10), 10463 (11), 10464 (2)
   10465 (9), 10465 (9), 10466 (14), 10467 (25), 10468 (12), 10469 (10), 10471 (8), 10472 (8)
   10473 (13), 10473 (13), 10475 (8), 11004 (2), 11101 (9), 11102 (6), 11103 (13), 11104 (3)
   11105 (7), 11105 (7), 11106 (7), 11201 (10), 11203 (8), 11204 (7), 11205 (3), 11206 (13), 11207 (13)
   11208 (22), 11208 (22), 11209 (8), 11210 (8), 11211 (19), 11212 (12), 11213 (6), 11214 (17)
   11215 (12), 11215 (12), 11216 (5), 11217 (7), 11218 (10), 11219 (13), 11220 (11), 11221 (9)
   11222 (3), 11222 (3), 11223 (6), 11224 (9), 11225 (5), 11226 (13), 11228 (2), 11229 (8), 11230 (22)
   11231 (7), 11231 (7), 11232 (2), 11233 (10), 11234 (20), 11235 (13), 11236 (13), 11237 (10)
   11238 (9), 11238 (9), 11239 (2), 11354 (10), 11355 (8), 11356 (3), 11357 (9), 11358 (7), 11360 (6)
   11361 (5), 11361 (5), 11362 (3), 11364 (7), 11365 (16), 11366 (3), 11367 (2), 11368 (24), 11369 (12)
   11370 (2), 11370 (2), 11372 (13), 11373 (28), 11374 (10), 11375 (9), 11377 (26), 11378 (5)
   11379 (8), 11379 (8), 11385 (14), 11412 (8), 11413 (2), 11414 (3), 11415 (7), 11416 (5), 11417 (5)
   11418 (10), 11418 (10), 11419 (7), 11420 (6), 11421 (9), 11422 (3), 11423 (6), 11426 (6), 11427 (5)
   11428 (4), 11428 (4), 11429 (4), 11432 (14), 11433 (4), 11434 (6), 11435 (13), 11436 (3), 11691 (10)
   11692 (3), 11692 (3), 11693 (2), 11694 (5), 11697 (2)
