Comparison between:
  Old: d:/byzip/newyork/2021-02-13/data-by-modzcta.csv
  New: d:/byzip/newyork/2021-02-14/data-by-modzcta.csv
Headers are the same

Zip codes not changed: 10004, 10006, 11697

Zip codes with changes: 10001 (9), 10002 (22), 10003 (18), 10005 (4), 10007 (1), 10009 (33), 10010 (6)
   10011 (17), 10011 (17), 10012 (10), 10013 (12), 10014 (11), 10016 (17), 10017 (1), 10018 (2)
   10019 (12), 10019 (12), 10021 (9), 10022 (7), 10023 (17), 10024 (20), 10025 (21), 10026 (10)
   10027 (21), 10027 (21), 10028 (7), 10029 (40), 10030 (13), 10031 (21), 10032 (16), 10033 (20)
   10034 (9), 10034 (9), 10035 (14), 10036 (4), 10037 (8), 10038 (5), 10039 (7), 10040 (21), 10044 (2)
   10065 (3), 10065 (3), 10069 (5), 10075 (3), 10128 (20), 10280 (2), 10282 (1), 10301 (17), 10302 (9)
   10303 (14), 10303 (14), 10304 (23), 10305 (15), 10306 (28), 10307 (10), 10308 (19), 10309 (28)
   10310 (10), 10310 (10), 10312 (29), 10314 (48), 10451 (27), 10452 (52), 10453 (32), 10454 (16)
   10455 (13), 10455 (13), 10456 (43), 10457 (41), 10458 (52), 10459 (28), 10460 (36), 10461 (46)
   10462 (26), 10462 (26), 10463 (38), 10464 (2), 10465 (20), 10466 (27), 10467 (38), 10468 (41)
   10469 (22), 10469 (22), 10470 (2), 10471 (7), 10472 (29), 10473 (23), 10474 (3), 10475 (13)
   11004 (4), 11004 (4), 11101 (8), 11102 (9), 11103 (16), 11104 (12), 11105 (18), 11106 (10)
   11109 (1), 11109 (1), 11201 (5), 11203 (21), 11204 (28), 11205 (20), 11206 (25), 11207 (22)
   11208 (46), 11208 (46), 11209 (17), 11210 (14), 11211 (41), 11212 (33), 11213 (26), 11214 (46)
   11215 (16), 11215 (16), 11216 (12), 11217 (11), 11218 (29), 11219 (14), 11220 (31), 11221 (38)
   11222 (12), 11222 (12), 11223 (32), 11224 (29), 11225 (17), 11226 (37), 11228 (15), 11229 (34)
   11230 (41), 11230 (41), 11231 (1), 11232 (5), 11233 (31), 11234 (19), 11235 (45), 11236 (25)
   11237 (22), 11237 (22), 11238 (27), 11239 (2), 11354 (22), 11355 (57), 11356 (12), 11357 (13)
   11358 (20), 11358 (20), 11360 (10), 11361 (8), 11362 (7), 11363 (1), 11364 (15), 11365 (17)
   11366 (5), 11366 (5), 11367 (21), 11368 (41), 11369 (15), 11370 (17), 11372 (24), 11373 (41)
   11374 (15), 11374 (15), 11375 (24), 11377 (50), 11378 (3), 11379 (13), 11385 (57), 11411 (1)
   11412 (21), 11412 (21), 11413 (18), 11414 (10), 11415 (7), 11416 (8), 11417 (14), 11418 (17)
   11419 (30), 11419 (30), 11420 (27), 11421 (23), 11422 (10), 11423 (9), 11426 (4), 11427 (15)
   11428 (7), 11428 (7), 11429 (6), 11432 (23), 11433 (14), 11434 (16), 11435 (24), 11436 (11)
   11691 (33), 11691 (33), 11692 (6), 11693 (8), 11694 (12)
