Comparison between:
  Old: d:/byzip/newyork/2020-09-11/data-by-modzcta.csv
  New: d:/byzip/newyork/2020-09-12/data-by-modzcta.csv
Headers are the same

Zip codes not changed: 10002, 10005, 10006, 10007, 10012, 10014, 10022, 10023, 10024, 10028
   10029, 10029, 10031, 10033, 10037, 10038, 10039, 10044, 10069, 10280, 10282, 10303, 10307
   10454, 10454, 10464, 10466, 10470, 10474, 11101, 11104, 11109, 11201, 11215, 11218, 11220
   11221, 11221, 11228, 11238, 11239, 11355, 11357, 11360, 11362, 11363, 11365, 11366, 11370
   11379, 11379, 11411, 11413, 11417, 11426, 11428, 11693, 11697

Zip codes with changes: 10001 (2), 10003 (1), 10004 (1), 10009 (2), 10010 (1), 10011 (1), 10013 (2)
   10016 (2), 10016 (2), 10017 (1), 10018 (-2), 10019 (1), 10021 (1), 10025 (1), 10026 (1), 10027 (1)
   10030 (1), 10030 (1), 10032 (4), 10034 (1), 10035 (1), 10036 (1), 10040 (3), 10065 (1), 10075 (1)
   10128 (1), 10128 (1), 10301 (2), 10302 (2), 10304 (1), 10305 (2), 10306 (5), 10308 (5), 10309 (3)
   10310 (1), 10310 (1), 10312 (2), 10314 (8), 10451 (3), 10452 (4), 10453 (3), 10455 (-1), 10456 (4)
   10457 (7), 10457 (7), 10458 (4), 10459 (6), 10460 (1), 10461 (2), 10462 (6), 10463 (3), 10465 (3)
   10467 (3), 10467 (3), 10468 (3), 10469 (1), 10471 (1), 10472 (1), 10473 (1), 10475 (2), 11004 (1)
   11102 (2), 11102 (2), 11103 (4), 11105 (3), 11106 (1), 11203 (5), 11204 (4), 11205 (2), 11206 (4)
   11207 (2), 11207 (2), 11208 (4), 11209 (1), 11210 (8), 11211 (6), 11212 (2), 11213 (3), 11214 (4)
   11216 (1), 11216 (1), 11217 (-1), 11219 (-3), 11222 (2), 11223 (10), 11224 (4), 11225 (3)
   11226 (1), 11226 (1), 11229 (7), 11230 (7), 11231 (3), 11232 (1), 11233 (1), 11234 (2), 11235 (4)
   11236 (1), 11236 (1), 11237 (1), 11354 (2), 11356 (1), 11358 (2), 11361 (1), 11364 (1), 11367 (2)
   11368 (3), 11368 (3), 11369 (1), 11372 (-2), 11373 (1), 11374 (4), 11375 (4), 11377 (3), 11378 (2)
   11385 (1), 11385 (1), 11412 (1), 11414 (1), 11415 (2), 11416 (1), 11418 (3), 11419 (-1), 11420 (1)
   11421 (2), 11421 (2), 11422 (1), 11423 (1), 11427 (2), 11429 (2), 11432 (4), 11433 (1), 11434 (4)
   11435 (4), 11435 (4), 11436 (1), 11691 (7), 11692 (1), 11694 (1)
