Comparison between:
  Old: d:/byzip/newyork/2021-01-22/data-by-modzcta.csv
  New: d:/byzip/newyork/2021-01-23/data-by-modzcta.csv
Headers are the same

Zip codes not changed: 10004, 10280, 10282

Zip codes with changes: 10001 (13), 10002 (46), 10003 (22), 10005 (2), 10006 (1), 10007 (5)
   10009 (25), 10009 (25), 10010 (13), 10011 (13), 10012 (10), 10013 (15), 10014 (7), 10016 (16)
   10017 (8), 10017 (8), 10018 (4), 10019 (15), 10021 (20), 10022 (7), 10023 (18), 10024 (15)
   10025 (42), 10025 (42), 10026 (17), 10027 (29), 10028 (23), 10029 (46), 10030 (15), 10031 (30)
   10032 (25), 10032 (25), 10033 (34), 10034 (21), 10035 (21), 10036 (11), 10037 (9), 10038 (13)
   10039 (11), 10039 (11), 10040 (28), 10044 (5), 10065 (12), 10069 (3), 10075 (12), 10128 (18)
   10301 (18), 10301 (18), 10302 (13), 10303 (17), 10304 (29), 10305 (40), 10306 (43), 10307 (14)
   10308 (18), 10308 (18), 10309 (23), 10310 (9), 10312 (49), 10314 (68), 10451 (22), 10452 (55)
   10453 (65), 10453 (65), 10454 (31), 10455 (36), 10456 (78), 10457 (56), 10458 (65), 10459 (42)
   10460 (26), 10460 (26), 10461 (36), 10462 (55), 10463 (51), 10464 (2), 10465 (38), 10466 (53)
   10467 (82), 10467 (82), 10468 (67), 10469 (60), 10470 (5), 10471 (21), 10472 (43), 10473 (48)
   10474 (6), 10474 (6), 10475 (25), 11004 (10), 11101 (8), 11102 (18), 11103 (15), 11104 (9)
   11105 (16), 11105 (16), 11106 (20), 11109 (4), 11201 (23), 11203 (32), 11204 (46), 11205 (17)
   11206 (24), 11206 (24), 11207 (66), 11208 (59), 11209 (32), 11210 (21), 11211 (33), 11212 (53)
   11213 (32), 11213 (32), 11214 (58), 11215 (14), 11216 (27), 11217 (12), 11218 (32), 11219 (37)
   11220 (62), 11220 (62), 11221 (21), 11222 (22), 11223 (55), 11224 (43), 11225 (27), 11226 (48)
   11228 (12), 11228 (12), 11229 (55), 11230 (46), 11231 (3), 11232 (24), 11233 (20), 11234 (43)
   11235 (58), 11235 (58), 11236 (34), 11237 (20), 11238 (22), 11239 (3), 11354 (24), 11355 (67)
   11356 (20), 11356 (20), 11357 (27), 11358 (23), 11360 (9), 11361 (16), 11362 (9), 11363 (2)
   11364 (16), 11364 (16), 11365 (28), 11366 (7), 11367 (18), 11368 (50), 11369 (24), 11370 (15)
   11372 (52), 11372 (52), 11373 (53), 11374 (14), 11375 (38), 11377 (80), 11378 (29), 11379 (11)
   11385 (67), 11385 (67), 11411 (7), 11412 (22), 11413 (13), 11414 (17), 11415 (13), 11416 (26)
   11417 (25), 11417 (25), 11418 (34), 11419 (54), 11420 (43), 11421 (28), 11422 (23), 11423 (22)
   11426 (10), 11426 (10), 11427 (16), 11428 (13), 11429 (15), 11432 (40), 11433 (18), 11434 (26)
   11435 (36), 11435 (36), 11436 (7), 11691 (35), 11692 (11), 11693 (13), 11694 (12), 11697 (3)
   
