Comparison between:
  Old: d:/byzip/newyork/2021-02-16/data-by-modzcta.csv
  New: d:/byzip/newyork/2021-02-17/data-by-modzcta.csv
Headers are the same

Zip codes not changed: 10004, 10006, 10007, 10018, 10044, 10280, 10282, 10474, 11109, 11366
   

Zip codes with changes: 10001 (3), 10002 (18), 10003 (6), 10005 (1), 10009 (10), 10010 (4), 10011 (9)
   10012 (3), 10012 (3), 10013 (5), 10014 (6), 10016 (4), 10017 (2), 10019 (8), 10021 (7), 10022 (4)
   10023 (12), 10023 (12), 10024 (2), 10025 (11), 10026 (6), 10027 (10), 10028 (6), 10029 (22)
   10030 (6), 10030 (6), 10031 (18), 10032 (15), 10033 (11), 10034 (14), 10035 (10), 10036 (2)
   10037 (7), 10037 (7), 10038 (5), 10039 (4), 10040 (9), 10065 (5), 10069 (2), 10075 (3), 10128 (5)
   10301 (9), 10301 (9), 10302 (3), 10303 (10), 10304 (14), 10305 (13), 10306 (30), 10307 (4)
   10308 (12), 10308 (12), 10309 (6), 10310 (5), 10312 (8), 10314 (23), 10451 (9), 10452 (26)
   10453 (23), 10453 (23), 10454 (5), 10455 (19), 10456 (21), 10457 (20), 10458 (21), 10459 (10)
   10460 (22), 10460 (22), 10461 (12), 10462 (28), 10463 (14), 10464 (1), 10465 (17), 10466 (14)
   10467 (33), 10467 (33), 10468 (39), 10469 (15), 10470 (2), 10471 (9), 10472 (17), 10473 (16)
   10475 (7), 10475 (7), 11004 (6), 11101 (4), 11102 (3), 11103 (3), 11104 (6), 11105 (5), 11106 (11)
   11201 (8), 11201 (8), 11203 (21), 11204 (28), 11205 (7), 11206 (22), 11207 (18), 11208 (26)
   11209 (14), 11209 (14), 11210 (13), 11211 (27), 11212 (24), 11213 (12), 11214 (17), 11215 (6)
   11216 (8), 11216 (8), 11217 (4), 11218 (15), 11219 (26), 11220 (16), 11221 (13), 11222 (5)
   11223 (31), 11223 (31), 11224 (7), 11225 (6), 11226 (18), 11228 (6), 11229 (37), 11230 (23)
   11231 (7), 11231 (7), 11232 (5), 11233 (4), 11234 (13), 11235 (28), 11236 (12), 11237 (7)
   11238 (6), 11238 (6), 11239 (7), 11354 (17), 11355 (41), 11356 (9), 11357 (14), 11358 (6)
   11360 (1), 11360 (1), 11361 (6), 11362 (1), 11363 (2), 11364 (3), 11365 (12), 11367 (6), 11368 (10)
   11369 (5), 11369 (5), 11370 (9), 11372 (13), 11373 (17), 11374 (12), 11375 (14), 11377 (21)
   11378 (2), 11378 (2), 11379 (-2), 11385 (12), 11411 (4), 11412 (13), 11413 (9), 11414 (8)
   11415 (4), 11415 (4), 11416 (10), 11417 (9), 11418 (10), 11419 (20), 11420 (17), 11421 (19)
   11422 (7), 11422 (7), 11423 (5), 11426 (3), 11427 (11), 11428 (4), 11429 (3), 11432 (13), 11433 (15)
   11434 (12), 11434 (12), 11435 (14), 11436 (4), 11691 (26), 11692 (3), 11693 (3), 11694 (2)
   11697 (1), 11697 (1)
