Comparison between:
  Old: d:/byzip/newyork/2020-09-30/data-by-modzcta.csv
  New: d:/byzip/newyork/2020-10-01/data-by-modzcta.csv
Headers are the same

Zip codes not changed: 10004, 10005, 10006, 10007, 10012, 10013, 10014, 10034, 10036, 10044
   10069, 10069, 10128, 10280, 10282, 10314, 10451, 10464, 10470, 10474, 11004, 11102, 11104
   11109, 11109, 11215, 11231, 11239, 11356, 11363, 11411, 11413, 11416, 11418, 11433, 11692
   11697, 11697

Zip codes with changes: 10001 (1), 10002 (2), 10003 (2), 10009 (1), 10010 (2), 10011 (1), 10016 (2)
   10017 (1), 10017 (1), 10018 (1), 10019 (3), 10021 (3), 10022 (1), 10023 (1), 10024 (1), 10025 (1)
   10026 (1), 10026 (1), 10027 (3), 10028 (1), 10029 (1), 10030 (5), 10031 (-1), 10032 (3), 10033 (3)
   10035 (4), 10035 (4), 10037 (1), 10038 (2), 10039 (2), 10040 (5), 10065 (2), 10075 (2), 10301 (1)
   10302 (1), 10302 (1), 10303 (1), 10304 (-1), 10305 (2), 10306 (5), 10307 (1), 10308 (2), 10309 (5)
   10310 (4), 10310 (4), 10312 (2), 10452 (5), 10453 (7), 10454 (2), 10455 (6), 10456 (1), 10457 (3)
   10458 (5), 10458 (5), 10459 (3), 10460 (4), 10461 (4), 10462 (1), 10463 (2), 10465 (3), 10466 (3)
   10467 (7), 10467 (7), 10468 (9), 10469 (4), 10471 (1), 10472 (2), 10473 (2), 10475 (2), 11101 (2)
   11103 (2), 11103 (2), 11105 (2), 11106 (2), 11201 (-1), 11203 (1), 11204 (9), 11205 (3), 11206 (6)
   11207 (4), 11207 (4), 11208 (4), 11209 (2), 11210 (12), 11211 (3), 11212 (7), 11213 (2), 11214 (4)
   11216 (1), 11216 (1), 11217 (2), 11218 (7), 11219 (9), 11220 (1), 11221 (4), 11222 (2), 11223 (22)
   11224 (3), 11224 (3), 11225 (3), 11226 (5), 11228 (4), 11229 (13), 11230 (24), 11232 (1), 11233 (2)
   11234 (10), 11234 (10), 11235 (7), 11236 (3), 11237 (1), 11238 (3), 11354 (3), 11355 (3), 11357 (1)
   11358 (2), 11358 (2), 11360 (2), 11361 (2), 11362 (2), 11364 (2), 11365 (1), 11366 (1), 11367 (3)
   11368 (3), 11368 (3), 11369 (3), 11370 (1), 11372 (2), 11373 (2), 11374 (3), 11375 (4), 11377 (5)
   11378 (1), 11378 (1), 11379 (1), 11385 (6), 11412 (-2), 11414 (1), 11415 (4), 11417 (2), 11419 (3)
   11420 (3), 11420 (3), 11421 (1), 11422 (2), 11423 (-1), 11426 (3), 11427 (3), 11428 (1), 11429 (2)
   11432 (3), 11432 (3), 11434 (4), 11435 (6), 11436 (4), 11691 (10), 11693 (2), 11694 (3)
