Comparison between:
  Old: d:/byzip/newyork/2020-12-22/data-by-modzcta.csv
  New: d:/byzip/newyork/2020-12-23/data-by-modzcta.csv
Headers are the same

Zip codes not changed: 10464, 11693

Zip codes with changes: 10001 (6), 10002 (38), 10003 (7), 10004 (1), 10005 (3), 10006 (1), 10007 (1)
   10009 (13), 10009 (13), 10010 (5), 10011 (12), 10012 (2), 10013 (19), 10014 (4), 10016 (18)
   10017 (1), 10017 (1), 10018 (2), 10019 (15), 10021 (3), 10022 (6), 10023 (3), 10024 (5), 10025 (19)
   10026 (17), 10026 (17), 10027 (10), 10028 (10), 10029 (34), 10030 (4), 10031 (15), 10032 (15)
   10033 (32), 10033 (32), 10034 (15), 10035 (7), 10036 (9), 10037 (2), 10038 (6), 10039 (5)
   10040 (21), 10040 (21), 10044 (3), 10065 (13), 10069 (1), 10075 (9), 10128 (11), 10280 (1)
   10282 (1), 10282 (1), 10301 (31), 10302 (12), 10303 (15), 10304 (16), 10305 (25), 10306 (48)
   10307 (11), 10307 (11), 10308 (23), 10309 (20), 10310 (15), 10312 (32), 10314 (67), 10451 (22)
   10452 (28), 10452 (28), 10453 (42), 10454 (17), 10455 (19), 10456 (20), 10457 (16), 10458 (19)
   10459 (12), 10459 (12), 10460 (28), 10461 (24), 10462 (19), 10463 (33), 10465 (15), 10466 (18)
   10467 (30), 10467 (30), 10468 (32), 10469 (25), 10470 (14), 10471 (12), 10472 (23), 10473 (31)
   10474 (5), 10474 (5), 10475 (11), 11004 (11), 11101 (13), 11102 (8), 11103 (8), 11104 (10)
   11105 (15), 11105 (15), 11106 (11), 11109 (2), 11201 (14), 11203 (18), 11204 (41), 11205 (17)
   11206 (31), 11206 (31), 11207 (25), 11208 (16), 11209 (22), 11210 (42), 11211 (20), 11212 (17)
   11213 (20), 11213 (20), 11214 (37), 11215 (10), 11216 (13), 11217 (13), 11218 (50), 11219 (29)
   11220 (56), 11220 (56), 11221 (35), 11222 (13), 11223 (58), 11224 (28), 11225 (20), 11226 (23)
   11228 (27), 11228 (27), 11229 (58), 11230 (91), 11231 (9), 11232 (11), 11233 (16), 11234 (43)
   11235 (61), 11235 (61), 11236 (19), 11237 (9), 11238 (11), 11239 (3), 11354 (18), 11355 (38)
   11356 (17), 11356 (17), 11357 (19), 11358 (15), 11360 (10), 11361 (8), 11362 (9), 11363 (3)
   11364 (8), 11364 (8), 11365 (10), 11366 (1), 11367 (20), 11368 (23), 11369 (12), 11370 (5)
   11372 (20), 11372 (20), 11373 (23), 11374 (16), 11375 (34), 11377 (36), 11378 (13), 11379 (20)
   11385 (58), 11385 (58), 11411 (3), 11412 (10), 11413 (5), 11414 (12), 11415 (-1), 11416 (10)
   11417 (10), 11417 (10), 11418 (9), 11419 (20), 11420 (13), 11421 (14), 11422 (10), 11423 (15)
   11426 (10), 11426 (10), 11427 (12), 11428 (8), 11429 (8), 11432 (20), 11433 (12), 11434 (16)
   11435 (20), 11435 (20), 11436 (8), 11691 (48), 11692 (6), 11694 (19), 11697 (6)
