Comparison between:
  Old: d:/byzip/newyork/2020-09-22/data-by-modzcta.csv
  New: d:/byzip/newyork/2020-09-23/data-by-modzcta.csv
Headers are the same

Zip codes not changed: 10004, 10005, 10006, 10007, 10013, 10016, 10022, 10023, 10024, 10026
   10027, 10027, 10030, 10035, 10037, 10039, 10040, 10044, 10069, 10075, 10128, 10280, 10282
   10308, 10308, 10309, 10454, 10457, 10459, 10464, 10465, 10469, 10473, 10474, 11102, 11104
   11105, 11105, 11109, 11205, 11207, 11214, 11221, 11222, 11232, 11356, 11357, 11360, 11361
   11362, 11362, 11363, 11364, 11365, 11366, 11369, 11378, 11411, 11412, 11413, 11416, 11418
   11422, 11422, 11423, 11426, 11427, 11428, 11429, 11433, 11692, 11693, 11694, 11697

Zip codes with changes: 10001 (1), 10002 (2), 10003 (1), 10009 (1), 10010 (1), 10011 (2), 10012 (1)
   10014 (1), 10014 (1), 10017 (1), 10018 (-2), 10019 (2), 10021 (2), 10025 (3), 10028 (3), 10029 (2)
   10031 (1), 10031 (1), 10032 (1), 10033 (1), 10034 (1), 10036 (1), 10038 (1), 10065 (1), 10301 (1)
   10302 (1), 10302 (1), 10303 (1), 10304 (1), 10305 (3), 10306 (1), 10307 (1), 10310 (1), 10312 (4)
   10314 (5), 10314 (5), 10451 (2), 10452 (3), 10453 (1), 10455 (3), 10456 (2), 10458 (2), 10460 (2)
   10461 (3), 10461 (3), 10462 (2), 10463 (1), 10466 (1), 10467 (2), 10468 (3), 10470 (-1), 10471 (1)
   10472 (1), 10472 (1), 10475 (1), 11004 (1), 11101 (1), 11103 (1), 11106 (1), 11201 (-2), 11203 (3)
   11204 (4), 11204 (4), 11206 (6), 11208 (1), 11209 (2), 11210 (3), 11211 (1), 11212 (1), 11213 (1)
   11215 (2), 11215 (2), 11216 (1), 11217 (-2), 11218 (1), 11219 (3), 11220 (1), 11223 (12), 11224 (1)
   11225 (1), 11225 (1), 11226 (1), 11228 (8), 11229 (14), 11230 (11), 11231 (2), 11233 (1), 11234 (3)
   11235 (1), 11235 (1), 11236 (1), 11237 (2), 11238 (2), 11239 (1), 11354 (1), 11355 (1), 11358 (1)
   11367 (1), 11367 (1), 11368 (1), 11370 (1), 11372 (-2), 11373 (3), 11374 (2), 11375 (2), 11377 (1)
   11379 (3), 11379 (3), 11385 (1), 11414 (1), 11415 (1), 11417 (1), 11419 (2), 11420 (1), 11421 (1)
   11432 (2), 11432 (2), 11434 (3), 11435 (1), 11436 (1), 11691 (3)
