Comparison between:
  Old: d:/byzip/newyork/2020-11-19/data-by-modzcta.csv
  New: d:/byzip/newyork/2020-11-20/data-by-modzcta.csv
Headers are the same

Zip codes not changed: 10005, 10044, 10069, 10464, 10474, 11004, 11232, 11428

Zip codes with changes: 10001 (4), 10002 (3), 10003 (5), 10004 (1), 10006 (3), 10007 (2), 10009 (7)
   10010 (2), 10010 (2), 10011 (13), 10012 (4), 10013 (5), 10014 (7), 10016 (7), 10017 (2), 10018 (2)
   10019 (5), 10019 (5), 10021 (9), 10022 (1), 10023 (12), 10024 (8), 10025 (14), 10026 (2), 10027 (10)
   10028 (2), 10028 (2), 10029 (16), 10030 (1), 10031 (12), 10032 (13), 10033 (10), 10034 (10)
   10035 (2), 10035 (2), 10036 (4), 10037 (-1), 10038 (4), 10039 (1), 10040 (7), 10065 (2), 10075 (7)
   10128 (7), 10128 (7), 10280 (1), 10282 (2), 10301 (16), 10302 (1), 10303 (17), 10304 (8), 10305 (15)
   10306 (15), 10306 (15), 10307 (5), 10308 (3), 10309 (15), 10310 (7), 10312 (16), 10314 (18)
   10451 (12), 10451 (12), 10452 (31), 10453 (18), 10454 (6), 10455 (6), 10456 (13), 10457 (24)
   10458 (16), 10458 (16), 10459 (9), 10460 (9), 10461 (12), 10462 (4), 10463 (4), 10465 (17)
   10466 (6), 10466 (6), 10467 (25), 10468 (10), 10469 (7), 10470 (4), 10471 (5), 10472 (7), 10473 (14)
   10475 (3), 10475 (3), 11101 (6), 11102 (14), 11103 (12), 11104 (5), 11105 (6), 11106 (4), 11109 (1)
   11201 (2), 11201 (2), 11203 (9), 11204 (16), 11205 (3), 11206 (13), 11207 (17), 11208 (22)
   11209 (10), 11209 (10), 11210 (12), 11211 (4), 11212 (11), 11213 (10), 11214 (14), 11215 (12)
   11216 (4), 11216 (4), 11217 (5), 11218 (13), 11219 (14), 11220 (11), 11221 (22), 11222 (4)
   11223 (15), 11223 (15), 11224 (9), 11225 (9), 11226 (10), 11228 (8), 11229 (7), 11230 (24)
   11231 (8), 11231 (8), 11233 (10), 11234 (22), 11235 (10), 11236 (6), 11237 (5), 11238 (10)
   11239 (6), 11239 (6), 11354 (6), 11355 (4), 11356 (2), 11357 (6), 11358 (9), 11360 (1), 11361 (3)
   11362 (1), 11362 (1), 11363 (3), 11364 (4), 11365 (8), 11366 (4), 11367 (6), 11368 (19), 11369 (7)
   11370 (3), 11370 (3), 11372 (19), 11373 (22), 11374 (5), 11375 (9), 11377 (20), 11378 (4)
   11379 (2), 11379 (2), 11385 (7), 11411 (7), 11412 (8), 11413 (1), 11414 (8), 11415 (3), 11416 (4)
   11417 (7), 11417 (7), 11418 (12), 11419 (11), 11420 (8), 11421 (21), 11422 (2), 11423 (2)
   11426 (10), 11426 (10), 11427 (2), 11429 (5), 11432 (10), 11433 (10), 11434 (11), 11435 (15)
   11436 (2), 11436 (2), 11691 (15), 11692 (2), 11693 (1), 11694 (5), 11697 (7)
