Comparison between:
  Old: d:/byzip/newyork/2020-11-11/data-by-modzcta.csv
  New: d:/byzip/newyork/2020-11-12/data-by-modzcta.csv
Headers are the same

Zip codes not changed: 10005, 10006, 10018, 10280, 10282, 10314, 11106, 11363, 11428

Zip codes with changes: 10001 (2), 10002 (8), 10003 (6), 10004 (-1), 10007 (2), 10009 (5), 10010 (6)
   10011 (10), 10011 (10), 10012 (6), 10013 (6), 10014 (3), 10016 (8), 10017 (1), 10019 (-1), 10021 (8)
   10022 (9), 10022 (9), 10023 (-4), 10024 (7), 10025 (10), 10026 (4), 10027 (12), 10028 (2)
   10029 (8), 10029 (8), 10030 (1), 10031 (12), 10032 (11), 10033 (9), 10034 (4), 10035 (2), 10036 (4)
   10037 (3), 10037 (3), 10038 (-2), 10039 (6), 10040 (9), 10044 (1), 10065 (6), 10069 (1), 10075 (3)
   10128 (9), 10128 (9), 10301 (12), 10302 (4), 10303 (4), 10304 (12), 10305 (16), 10306 (24)
   10307 (-3), 10307 (-3), 10308 (1), 10309 (-2), 10310 (9), 10312 (4), 10451 (11), 10452 (19)
   10453 (13), 10453 (13), 10454 (9), 10455 (3), 10456 (15), 10457 (7), 10458 (18), 10459 (4)
   10460 (5), 10460 (5), 10461 (1), 10462 (1), 10463 (7), 10464 (1), 10465 (8), 10466 (4), 10467 (18)
   10468 (10), 10468 (10), 10469 (8), 10470 (2), 10471 (-2), 10472 (16), 10473 (6), 10474 (2)
   10475 (2), 10475 (2), 11004 (2), 11101 (6), 11102 (2), 11103 (7), 11104 (11), 11105 (5), 11109 (2)
   11201 (3), 11201 (3), 11203 (2), 11204 (17), 11205 (6), 11206 (9), 11207 (20), 11208 (17), 11209 (5)
   11210 (6), 11210 (6), 11211 (17), 11212 (15), 11213 (8), 11214 (16), 11215 (4), 11216 (3)
   11217 (-1), 11217 (-1), 11218 (8), 11219 (19), 11220 (9), 11221 (9), 11222 (7), 11223 (14)
   11224 (1), 11224 (1), 11225 (4), 11226 (4), 11228 (5), 11229 (12), 11230 (27), 11231 (1), 11232 (2)
   11233 (2), 11233 (2), 11234 (10), 11235 (13), 11236 (7), 11237 (11), 11238 (8), 11239 (3)
   11354 (4), 11354 (4), 11355 (5), 11356 (5), 11357 (7), 11358 (4), 11360 (-2), 11361 (2), 11362 (1)
   11364 (2), 11364 (2), 11365 (4), 11366 (3), 11367 (7), 11368 (21), 11369 (6), 11370 (10), 11372 (9)
   11373 (21), 11373 (21), 11374 (12), 11375 (4), 11377 (24), 11378 (7), 11379 (9), 11385 (18)
   11411 (3), 11411 (3), 11412 (5), 11413 (3), 11414 (6), 11415 (3), 11416 (5), 11417 (-3), 11418 (15)
   11419 (6), 11419 (6), 11420 (4), 11421 (5), 11422 (5), 11423 (9), 11426 (-3), 11427 (1), 11429 (5)
   11432 (13), 11432 (13), 11433 (2), 11434 (11), 11435 (4), 11436 (2), 11691 (11), 11692 (1)
   11693 (1), 11693 (1), 11694 (3), 11697 (4)
