Comparison between:
  Old: d:/byzip/newyork/2020-09-24/data-by-modzcta.csv
  New: d:/byzip/newyork/2020-09-25/data-by-modzcta.csv
Headers are the same

Zip codes not changed: 10001, 10003, 10005, 10010, 10012, 10018, 10019, 10030, 10033, 10035
   10037, 10037, 10044, 10069, 10075, 10280, 10301, 10304, 10307, 10308, 10310, 10455, 10464
   10466, 10466, 10470, 10471, 10473, 11004, 11109, 11201, 11203, 11206, 11207, 11214, 11216
   11217, 11217, 11220, 11221, 11224, 11239, 11354, 11357, 11358, 11362, 11363, 11364, 11370
   11379, 11379, 11413, 11416, 11417, 11422, 11426, 11427, 11428, 11433, 11436, 11692, 11697
   

Zip codes with changes: 10002 (2), 10004 (1), 10006 (1), 10007 (1), 10009 (1), 10011 (1), 10013 (2)
   10014 (1), 10014 (1), 10016 (2), 10017 (1), 10021 (5), 10022 (1), 10023 (4), 10024 (10), 10025 (1)
   10026 (2), 10026 (2), 10027 (1), 10028 (3), 10029 (1), 10031 (2), 10032 (1), 10034 (3), 10036 (2)
   10038 (2), 10038 (2), 10039 (1), 10040 (1), 10065 (1), 10128 (2), 10282 (1), 10302 (1), 10303 (2)
   10305 (2), 10305 (2), 10306 (4), 10309 (1), 10312 (4), 10314 (5), 10451 (5), 10452 (6), 10453 (3)
   10454 (1), 10454 (1), 10456 (3), 10457 (5), 10458 (5), 10459 (3), 10460 (2), 10461 (1), 10462 (6)
   10463 (4), 10463 (4), 10465 (2), 10467 (1), 10468 (2), 10469 (3), 10472 (5), 10474 (-1), 10475 (1)
   11101 (3), 11101 (3), 11102 (3), 11103 (1), 11104 (1), 11105 (2), 11106 (2), 11204 (9), 11205 (4)
   11208 (6), 11208 (6), 11209 (5), 11210 (9), 11211 (12), 11212 (3), 11213 (9), 11215 (1), 11218 (2)
   11219 (17), 11219 (17), 11222 (2), 11223 (42), 11225 (4), 11226 (4), 11228 (2), 11229 (6)
   11230 (15), 11230 (15), 11231 (2), 11232 (1), 11233 (2), 11234 (7), 11235 (7), 11236 (1), 11237 (1)
   11238 (1), 11238 (1), 11355 (1), 11356 (4), 11360 (1), 11361 (4), 11365 (2), 11366 (3), 11367 (8)
   11368 (6), 11368 (6), 11369 (2), 11372 (2), 11373 (1), 11374 (5), 11375 (1), 11377 (1), 11378 (1)
   11385 (3), 11385 (3), 11411 (1), 11412 (2), 11414 (2), 11415 (2), 11418 (3), 11419 (2), 11420 (1)
   11421 (1), 11421 (1), 11423 (2), 11429 (1), 11432 (5), 11434 (2), 11435 (2), 11691 (6), 11693 (-1)
   11694 (1), 11694 (1)
