Comparison between:
  Old: d:/byzip/newyork/2021-02-27/data-by-modzcta.csv
  New: d:/byzip/newyork/2021-02-28/data-by-modzcta.csv
Headers are the same

Zip codes not changed: 10005, 10007, 10069, 10464

Zip codes with changes: 10001 (3), 10002 (24), 10003 (18), 10004 (2), 10006 (2), 10009 (24), 10010 (9)
   10011 (8), 10011 (8), 10012 (8), 10013 (11), 10014 (11), 10016 (19), 10017 (3), 10018 (3)
   10019 (17), 10019 (17), 10021 (14), 10022 (6), 10023 (17), 10024 (20), 10025 (27), 10026 (19)
   10027 (11), 10027 (11), 10028 (10), 10029 (29), 10030 (11), 10031 (27), 10032 (17), 10033 (12)
   10034 (23), 10034 (23), 10035 (18), 10036 (4), 10037 (4), 10038 (7), 10039 (5), 10040 (23)
   10044 (1), 10044 (1), 10065 (5), 10075 (8), 10128 (11), 10280 (1), 10282 (3), 10301 (12), 10302 (14)
   10303 (3), 10303 (3), 10304 (23), 10305 (22), 10306 (30), 10307 (13), 10308 (4), 10309 (20)
   10310 (6), 10310 (6), 10312 (30), 10314 (55), 10451 (27), 10452 (47), 10453 (44), 10454 (14)
   10455 (18), 10455 (18), 10456 (39), 10457 (30), 10458 (42), 10459 (26), 10460 (32), 10461 (21)
   10462 (39), 10462 (39), 10463 (25), 10465 (20), 10466 (30), 10467 (52), 10468 (44), 10469 (30)
   10470 (5), 10470 (5), 10471 (7), 10472 (32), 10473 (35), 10474 (4), 10475 (14), 11004 (11)
   11101 (10), 11101 (10), 11102 (14), 11103 (4), 11104 (3), 11105 (7), 11106 (13), 11109 (2)
   11201 (11), 11201 (11), 11203 (23), 11204 (18), 11205 (17), 11206 (32), 11207 (47), 11208 (43)
   11209 (26), 11209 (26), 11210 (17), 11211 (54), 11212 (43), 11213 (20), 11214 (37), 11215 (12)
   11216 (17), 11216 (17), 11217 (5), 11218 (26), 11219 (30), 11220 (34), 11221 (27), 11222 (14)
   11223 (40), 11223 (40), 11224 (12), 11225 (22), 11226 (36), 11228 (21), 11229 (51), 11230 (41)
   11231 (12), 11231 (12), 11232 (12), 11233 (30), 11234 (27), 11235 (36), 11236 (16), 11237 (17)
   11238 (14), 11238 (14), 11239 (6), 11354 (25), 11355 (50), 11356 (10), 11357 (19), 11358 (8)
   11360 (9), 11360 (9), 11361 (4), 11362 (7), 11363 (1), 11364 (10), 11365 (18), 11366 (5), 11367 (20)
   11368 (38), 11368 (38), 11369 (25), 11370 (15), 11372 (16), 11373 (44), 11374 (18), 11375 (22)
   11377 (35), 11377 (35), 11378 (16), 11379 (15), 11385 (60), 11411 (3), 11412 (8), 11413 (17)
   11414 (7), 11414 (7), 11415 (5), 11416 (10), 11417 (9), 11418 (29), 11419 (22), 11420 (15)
   11421 (20), 11421 (20), 11422 (14), 11423 (6), 11426 (6), 11427 (10), 11428 (6), 11429 (11)
   11432 (6), 11432 (6), 11433 (12), 11434 (20), 11435 (25), 11436 (12), 11691 (20), 11692 (2)
   11693 (6), 11693 (6), 11694 (3), 11697 (1)
