Comparison between:
  Old: d:/byzip/newyork/2020-11-01/data-by-modzcta.csv
  New: d:/byzip/newyork/2020-11-02/data-by-modzcta.csv
Headers are the same

Zip codes not changed: 10001, 10002, 10004, 10005, 10006, 10007, 10010, 10023, 10027, 10030
   10035, 10035, 10036, 10037, 10044, 10069, 10280, 10282, 10454, 10464, 11104, 11105, 11225
   11232, 11232, 11235, 11239, 11358, 11360, 11363, 11364, 11412, 11422, 11697

Zip codes with changes: 10003 (4), 10009 (4), 10011 (2), 10012 (1), 10013 (2), 10014 (3), 10016 (1)
   10017 (1), 10017 (1), 10018 (1), 10019 (2), 10021 (5), 10022 (4), 10024 (1), 10025 (5), 10026 (1)
   10028 (2), 10028 (2), 10029 (2), 10031 (3), 10032 (2), 10033 (1), 10034 (2), 10038 (1), 10039 (1)
   10040 (3), 10040 (3), 10065 (2), 10075 (2), 10128 (2), 10301 (6), 10302 (4), 10303 (2), 10304 (4)
   10305 (5), 10305 (5), 10306 (4), 10307 (3), 10308 (1), 10309 (2), 10310 (4), 10312 (11), 10314 (16)
   10451 (1), 10451 (1), 10452 (3), 10453 (4), 10455 (3), 10456 (2), 10457 (2), 10458 (6), 10459 (1)
   10460 (4), 10460 (4), 10461 (3), 10462 (6), 10463 (3), 10465 (2), 10466 (2), 10467 (3), 10468 (4)
   10469 (3), 10469 (3), 10470 (-1), 10471 (2), 10472 (3), 10473 (2), 10474 (1), 10475 (2), 11004 (2)
   11101 (1), 11101 (1), 11102 (3), 11103 (1), 11106 (2), 11109 (1), 11201 (2), 11203 (4), 11204 (3)
   11205 (1), 11205 (1), 11206 (6), 11207 (4), 11208 (5), 11209 (4), 11210 (1), 11211 (10), 11212 (2)
   11213 (6), 11213 (6), 11214 (6), 11215 (5), 11216 (2), 11217 (1), 11218 (6), 11219 (5), 11220 (9)
   11221 (3), 11221 (3), 11222 (2), 11223 (1), 11224 (1), 11226 (2), 11228 (2), 11229 (3), 11230 (5)
   11231 (4), 11231 (4), 11233 (1), 11234 (3), 11236 (6), 11237 (3), 11238 (2), 11354 (2), 11355 (3)
   11356 (4), 11356 (4), 11357 (4), 11361 (4), 11362 (1), 11365 (5), 11366 (4), 11367 (3), 11368 (5)
   11369 (5), 11369 (5), 11370 (2), 11372 (7), 11373 (4), 11374 (2), 11375 (5), 11377 (4), 11378 (1)
   11379 (2), 11379 (2), 11385 (10), 11411 (2), 11413 (1), 11414 (1), 11415 (2), 11416 (1), 11417 (1)
   11418 (2), 11418 (2), 11419 (2), 11420 (2), 11421 (8), 11423 (1), 11426 (1), 11427 (2), 11428 (1)
   11429 (1), 11429 (1), 11432 (8), 11433 (1), 11434 (4), 11435 (3), 11436 (1), 11691 (6), 11692 (2)
   11693 (3), 11693 (3), 11694 (2)
