Comparison between:
  Old: d:/byzip/newyork/2020-09-20/data-by-modzcta.csv
  New: d:/byzip/newyork/2020-09-21/data-by-modzcta.csv
Headers are the same

Zip codes not changed: 10003, 10004, 10006, 10007, 10010, 10011, 10012, 10017, 10030, 10036
   10037, 10037, 10069, 10280, 10282, 10303, 10309, 10456, 10464, 10465, 10470, 10474, 11004
   11103, 11103, 11104, 11105, 11109, 11215, 11220, 11226, 11228, 11233, 11239, 11357, 11358
   11361, 11361, 11363, 11364, 11372, 11412, 11413, 11416, 11428, 11435, 11436, 11693, 11694
   

Zip codes with changes: 10001 (-1), 10002 (1), 10005 (1), 10009 (1), 10013 (1), 10014 (1), 10016 (3)
   10018 (1), 10018 (1), 10019 (3), 10021 (5), 10022 (1), 10023 (1), 10024 (1), 10025 (1), 10026 (1)
   10027 (1), 10027 (1), 10028 (1), 10029 (1), 10031 (3), 10032 (2), 10033 (5), 10034 (1), 10035 (1)
   10038 (-1), 10038 (-1), 10039 (1), 10040 (2), 10044 (1), 10065 (1), 10075 (2), 10128 (2), 10301 (2)
   10302 (1), 10302 (1), 10304 (2), 10305 (4), 10306 (6), 10307 (1), 10308 (2), 10310 (1), 10312 (3)
   10314 (5), 10314 (5), 10451 (4), 10452 (2), 10453 (5), 10454 (2), 10455 (1), 10457 (2), 10458 (7)
   10459 (3), 10459 (3), 10460 (2), 10461 (3), 10462 (6), 10463 (1), 10466 (2), 10467 (4), 10468 (4)
   10469 (1), 10469 (1), 10471 (1), 10472 (1), 10473 (5), 10475 (3), 11101 (2), 11102 (1), 11106 (5)
   11201 (1), 11201 (1), 11203 (1), 11204 (5), 11205 (1), 11206 (4), 11207 (1), 11208 (3), 11209 (1)
   11210 (4), 11210 (4), 11211 (3), 11212 (1), 11213 (1), 11214 (3), 11216 (1), 11217 (1), 11218 (1)
   11219 (6), 11219 (6), 11221 (2), 11222 (1), 11223 (21), 11224 (3), 11225 (2), 11229 (3), 11230 (11)
   11231 (1), 11231 (1), 11232 (-1), 11234 (6), 11235 (8), 11236 (3), 11237 (2), 11238 (2), 11354 (2)
   11355 (1), 11355 (1), 11356 (2), 11360 (2), 11362 (3), 11365 (1), 11366 (2), 11367 (1), 11368 (2)
   11369 (3), 11369 (3), 11370 (2), 11373 (6), 11374 (4), 11375 (1), 11377 (1), 11378 (1), 11379 (4)
   11385 (1), 11385 (1), 11411 (1), 11414 (3), 11415 (4), 11417 (-1), 11418 (3), 11419 (1), 11420 (2)
   11421 (1), 11421 (1), 11422 (1), 11423 (1), 11426 (2), 11427 (2), 11429 (2), 11432 (8), 11433 (1)
   11434 (1), 11434 (1), 11691 (6), 11692 (1), 11697 (1)
