Comparison between:
  Old: d:/byzip/newyork/2020-11-24/data-by-modzcta.csv
  New: d:/byzip/newyork/2020-11-25/data-by-modzcta.csv
Headers are the same

Zip codes not changed: 10005, 10035, 10280, 11004, 11360, 11363, 11421, 11426, 11692

Zip codes with changes: 10001 (3), 10002 (9), 10003 (6), 10004 (1), 10006 (3), 10007 (2), 10009 (2)
   10010 (3), 10010 (3), 10011 (5), 10012 (7), 10013 (3), 10014 (4), 10016 (10), 10017 (5), 10018 (2)
   10019 (5), 10019 (5), 10021 (8), 10022 (4), 10023 (6), 10024 (14), 10025 (10), 10026 (4), 10027 (3)
   10028 (3), 10028 (3), 10029 (8), 10030 (6), 10031 (9), 10032 (14), 10033 (8), 10034 (6), 10036 (5)
   10037 (1), 10037 (1), 10038 (4), 10039 (3), 10040 (8), 10044 (1), 10065 (3), 10069 (1), 10075 (2)
   10128 (6), 10128 (6), 10282 (2), 10301 (14), 10302 (8), 10303 (3), 10304 (27), 10305 (13), 10306 (20)
   10307 (4), 10307 (4), 10308 (16), 10309 (9), 10310 (9), 10312 (25), 10314 (34), 10451 (15)
   10452 (11), 10452 (11), 10453 (18), 10454 (6), 10455 (8), 10456 (14), 10457 (9), 10458 (12)
   10459 (10), 10459 (10), 10460 (9), 10461 (16), 10462 (10), 10463 (11), 10464 (1), 10465 (10)
   10466 (12), 10466 (12), 10467 (16), 10468 (13), 10469 (9), 10470 (1), 10471 (1), 10472 (10)
   10473 (14), 10473 (14), 10474 (1), 10475 (6), 11101 (8), 11102 (5), 11103 (5), 11104 (3), 11105 (7)
   11106 (3), 11106 (3), 11109 (1), 11201 (11), 11203 (7), 11204 (11), 11205 (10), 11206 (11)
   11207 (7), 11207 (7), 11208 (13), 11209 (23), 11210 (8), 11211 (12), 11212 (9), 11213 (7)
   11214 (11), 11214 (11), 11215 (4), 11216 (1), 11217 (5), 11218 (7), 11219 (9), 11220 (13), 11221 (11)
   11222 (2), 11222 (2), 11223 (15), 11224 (5), 11225 (6), 11226 (10), 11228 (20), 11229 (14)
   11230 (25), 11230 (25), 11231 (2), 11232 (4), 11233 (5), 11234 (23), 11235 (12), 11236 (12)
   11237 (5), 11237 (5), 11238 (11), 11239 (1), 11354 (3), 11355 (14), 11356 (5), 11357 (4), 11358 (3)
   11361 (6), 11361 (6), 11362 (2), 11364 (9), 11365 (4), 11366 (1), 11367 (6), 11368 (16), 11369 (8)
   11370 (4), 11370 (4), 11372 (8), 11373 (26), 11374 (8), 11375 (12), 11377 (10), 11378 (7)
   11379 (6), 11379 (6), 11385 (9), 11411 (1), 11412 (8), 11413 (3), 11414 (5), 11415 (1), 11416 (4)
   11417 (3), 11417 (3), 11418 (15), 11419 (6), 11420 (10), 11422 (3), 11423 (3), 11427 (2), 11428 (1)
   11429 (3), 11429 (3), 11432 (11), 11433 (4), 11434 (8), 11435 (4), 11436 (1), 11691 (7), 11693 (1)
   11694 (5), 11694 (5), 11697 (1)
