Comparison between:
  Old: d:/byzip/newyork/2021-01-15/data-by-modzcta.csv
  New: d:/byzip/newyork/2021-01-16/data-by-modzcta.csv
Headers are the same

Zip codes not changed: 10004, 10280, 10282

Zip codes with changes: 10001 (2), 10002 (39), 10003 (17), 10005 (2), 10006 (1), 10007 (2), 10009 (12)
   10010 (16), 10010 (16), 10011 (22), 10012 (5), 10013 (6), 10014 (19), 10016 (27), 10017 (7)
   10018 (3), 10018 (3), 10019 (14), 10021 (10), 10022 (13), 10023 (18), 10024 (28), 10025 (38)
   10026 (15), 10026 (15), 10027 (31), 10028 (11), 10029 (28), 10030 (12), 10031 (24), 10032 (35)
   10033 (44), 10033 (44), 10034 (40), 10035 (16), 10036 (17), 10037 (10), 10038 (16), 10039 (9)
   10040 (34), 10040 (34), 10044 (1), 10065 (2), 10069 (2), 10075 (6), 10128 (22), 10301 (19)
   10302 (14), 10302 (14), 10303 (20), 10304 (42), 10305 (29), 10306 (55), 10307 (14), 10308 (23)
   10309 (28), 10309 (28), 10310 (17), 10312 (44), 10314 (68), 10451 (31), 10452 (71), 10453 (33)
   10454 (27), 10454 (27), 10455 (18), 10456 (56), 10457 (45), 10458 (52), 10459 (27), 10460 (47)
   10461 (42), 10461 (42), 10462 (51), 10463 (47), 10464 (4), 10465 (25), 10466 (56), 10467 (82)
   10468 (61), 10468 (61), 10469 (26), 10470 (19), 10471 (16), 10472 (43), 10473 (26), 10474 (11)
   10475 (18), 10475 (18), 11004 (8), 11101 (19), 11102 (17), 11103 (11), 11104 (6), 11105 (16)
   11106 (18), 11106 (18), 11109 (3), 11201 (23), 11203 (38), 11204 (42), 11205 (16), 11206 (49)
   11207 (49), 11207 (49), 11208 (87), 11209 (30), 11210 (36), 11211 (59), 11212 (36), 11213 (33)
   11214 (68), 11214 (68), 11215 (14), 11216 (20), 11217 (17), 11218 (42), 11219 (40), 11220 (56)
   11221 (38), 11221 (38), 11222 (22), 11223 (69), 11224 (50), 11225 (21), 11226 (42), 11228 (32)
   11229 (60), 11229 (60), 11230 (68), 11231 (7), 11232 (22), 11233 (27), 11234 (63), 11235 (108)
   11236 (54), 11236 (54), 11237 (31), 11238 (17), 11239 (8), 11354 (25), 11355 (40), 11356 (14)
   11357 (19), 11357 (19), 11358 (21), 11360 (9), 11361 (12), 11362 (8), 11363 (2), 11364 (15)
   11365 (17), 11365 (17), 11366 (6), 11367 (22), 11368 (70), 11369 (16), 11370 (17), 11372 (28)
   11373 (74), 11373 (74), 11374 (24), 11375 (41), 11377 (61), 11378 (24), 11379 (26), 11385 (67)
   11411 (13), 11411 (13), 11412 (19), 11413 (23), 11414 (15), 11415 (14), 11416 (31), 11417 (37)
   11418 (32), 11418 (32), 11419 (46), 11420 (52), 11421 (31), 11422 (20), 11423 (27), 11426 (8)
   11427 (9), 11427 (9), 11428 (9), 11429 (12), 11432 (29), 11433 (17), 11434 (28), 11435 (34)
   11436 (19), 11436 (19), 11691 (61), 11692 (16), 11693 (13), 11694 (20), 11697 (1)
