Comparison between:
  Old: d:/byzip/newyork/2021-03-02/data-by-modzcta.csv
  New: d:/byzip/newyork/2021-03-03/data-by-modzcta.csv
Headers are the same

Zip codes not changed: 10004, 10006, 10044, 10282, 11109, 11366, 11697

Zip codes with changes: 10001 (5), 10002 (20), 10003 (4), 10005 (1), 10007 (1), 10009 (20), 10010 (2)
   10011 (4), 10011 (4), 10012 (4), 10013 (1), 10014 (2), 10016 (3), 10017 (1), 10018 (1), 10019 (16)
   10021 (10), 10021 (10), 10022 (4), 10023 (5), 10024 (4), 10025 (21), 10026 (7), 10027 (7)
   10028 (2), 10028 (2), 10029 (29), 10030 (4), 10031 (14), 10032 (18), 10033 (8), 10034 (7)
   10035 (13), 10035 (13), 10036 (11), 10037 (5), 10038 (4), 10039 (1), 10040 (16), 10065 (2)
   10069 (1), 10069 (1), 10075 (9), 10128 (9), 10280 (2), 10301 (11), 10302 (11), 10303 (7), 10304 (15)
   10305 (12), 10305 (12), 10306 (18), 10307 (3), 10308 (8), 10309 (12), 10310 (4), 10312 (18)
   10314 (37), 10314 (37), 10451 (18), 10452 (27), 10453 (17), 10454 (5), 10455 (15), 10456 (13)
   10457 (17), 10457 (17), 10458 (41), 10459 (20), 10460 (29), 10461 (9), 10462 (28), 10463 (21)
   10464 (1), 10464 (1), 10465 (15), 10466 (17), 10467 (31), 10468 (25), 10469 (19), 10470 (-1)
   10471 (5), 10471 (5), 10472 (23), 10473 (22), 10474 (7), 10475 (8), 11004 (1), 11101 (11), 11102 (9)
   11103 (8), 11103 (8), 11104 (7), 11105 (9), 11106 (4), 11201 (12), 11203 (17), 11204 (13), 11205 (13)
   11206 (30), 11206 (30), 11207 (33), 11208 (36), 11209 (10), 11210 (28), 11211 (30), 11212 (24)
   11213 (27), 11213 (27), 11214 (24), 11215 (14), 11216 (12), 11217 (8), 11218 (22), 11219 (21)
   11220 (28), 11220 (28), 11221 (24), 11222 (8), 11223 (50), 11224 (30), 11225 (20), 11226 (21)
   11228 (11), 11228 (11), 11229 (48), 11230 (48), 11231 (4), 11232 (3), 11233 (16), 11234 (19)
   11235 (34), 11235 (34), 11236 (19), 11237 (16), 11238 (15), 11239 (4), 11354 (24), 11355 (36)
   11356 (11), 11356 (11), 11357 (8), 11358 (6), 11360 (4), 11361 (7), 11362 (6), 11363 (1), 11364 (2)
   11365 (15), 11365 (15), 11367 (16), 11368 (28), 11369 (7), 11370 (14), 11372 (12), 11373 (24)
   11374 (20), 11374 (20), 11375 (20), 11377 (40), 11378 (12), 11379 (14), 11385 (37), 11411 (1)
   11412 (9), 11412 (9), 11413 (8), 11414 (10), 11415 (4), 11416 (11), 11417 (12), 11418 (13)
   11419 (5), 11419 (5), 11420 (21), 11421 (8), 11422 (6), 11423 (7), 11426 (3), 11427 (2), 11428 (7)
   11429 (9), 11429 (9), 11432 (18), 11433 (10), 11434 (16), 11435 (20), 11436 (3), 11691 (19)
   11692 (4), 11692 (4), 11693 (2), 11694 (3)
