Comparison between:
  Old: d:/byzip/newyork/2020-11-03/data-by-modzcta.csv
  New: d:/byzip/newyork/2020-11-04/data-by-modzcta.csv
Headers are the same

Zip codes not changed: 10006, 10012, 10013, 10014, 10018, 10037, 10069, 10128, 10280, 10282
   10310, 10310, 10464, 10474, 11004, 11104, 11106, 11109, 11232, 11233, 11363, 11415, 11420
   11427, 11427, 11436, 11697

Zip codes with changes: 10001 (4), 10002 (9), 10003 (6), 10004 (-2), 10005 (1), 10007 (1), 10009 (2)
   10010 (1), 10010 (1), 10011 (2), 10016 (5), 10017 (3), 10019 (2), 10021 (8), 10022 (5), 10023 (4)
   10024 (3), 10024 (3), 10025 (5), 10026 (2), 10027 (-2), 10028 (4), 10029 (3), 10030 (4), 10031 (3)
   10032 (1), 10032 (1), 10033 (2), 10034 (3), 10035 (3), 10036 (1), 10038 (1), 10039 (2), 10040 (3)
   10044 (2), 10044 (2), 10065 (4), 10075 (2), 10301 (3), 10302 (-1), 10303 (1), 10304 (11), 10305 (6)
   10306 (1), 10306 (1), 10307 (4), 10308 (3), 10309 (5), 10312 (4), 10314 (17), 10451 (3), 10452 (5)
   10453 (3), 10453 (3), 10454 (10), 10455 (5), 10456 (2), 10457 (3), 10458 (8), 10459 (5), 10460 (4)
   10461 (4), 10461 (4), 10462 (8), 10463 (8), 10465 (6), 10466 (4), 10467 (5), 10468 (7), 10469 (8)
   10470 (-1), 10470 (-1), 10471 (2), 10472 (-1), 10473 (6), 10475 (2), 11101 (4), 11102 (6)
   11103 (1), 11103 (1), 11105 (3), 11201 (3), 11203 (6), 11204 (4), 11205 (3), 11206 (4), 11207 (6)
   11208 (11), 11208 (11), 11209 (7), 11210 (13), 11211 (18), 11212 (6), 11213 (8), 11214 (8)
   11215 (5), 11215 (5), 11216 (3), 11217 (5), 11218 (14), 11219 (6), 11220 (2), 11221 (4), 11222 (2)
   11223 (5), 11223 (5), 11224 (3), 11225 (12), 11226 (6), 11228 (2), 11229 (7), 11230 (16), 11231 (2)
   11234 (5), 11234 (5), 11235 (5), 11236 (9), 11237 (3), 11238 (2), 11239 (3), 11354 (-2), 11355 (3)
   11356 (1), 11356 (1), 11357 (3), 11358 (2), 11360 (2), 11361 (2), 11362 (1), 11364 (1), 11365 (3)
   11366 (2), 11366 (2), 11367 (6), 11368 (4), 11369 (4), 11370 (3), 11372 (2), 11373 (2), 11374 (3)
   11375 (5), 11375 (5), 11377 (10), 11378 (4), 11379 (2), 11385 (9), 11411 (2), 11412 (3), 11413 (2)
   11414 (1), 11414 (1), 11416 (3), 11417 (-1), 11418 (3), 11419 (1), 11421 (2), 11422 (2), 11423 (1)
   11426 (1), 11426 (1), 11428 (-1), 11429 (2), 11432 (1), 11433 (2), 11434 (-1), 11435 (2), 11691 (-1)
   11692 (2), 11692 (2), 11693 (2), 11694 (1)
