Comparison between:
  Old: d:/byzip/newyork/2021-02-23/data-by-modzcta.csv
  New: d:/byzip/newyork/2021-02-24/data-by-modzcta.csv
Headers are the same

Zip codes not changed: 10006, 10012, 11109, 11697

Zip codes with changes: 10001 (8), 10002 (31), 10003 (6), 10004 (2), 10005 (1), 10007 (4), 10009 (10)
   10010 (5), 10010 (5), 10011 (7), 10013 (5), 10014 (6), 10016 (13), 10017 (6), 10018 (1), 10019 (10)
   10021 (16), 10021 (16), 10022 (4), 10023 (13), 10024 (14), 10025 (30), 10026 (5), 10027 (12)
   10028 (12), 10028 (12), 10029 (20), 10030 (5), 10031 (13), 10032 (14), 10033 (14), 10034 (14)
   10035 (8), 10035 (8), 10036 (5), 10037 (1), 10038 (4), 10039 (3), 10040 (17), 10044 (1), 10065 (5)
   10069 (3), 10069 (3), 10075 (5), 10128 (9), 10280 (1), 10282 (1), 10301 (13), 10302 (12), 10303 (8)
   10304 (16), 10304 (16), 10305 (16), 10306 (20), 10307 (12), 10308 (6), 10309 (16), 10310 (3)
   10312 (33), 10312 (33), 10314 (32), 10451 (15), 10452 (7), 10453 (27), 10454 (7), 10455 (8)
   10456 (22), 10456 (22), 10457 (28), 10458 (23), 10459 (6), 10460 (22), 10461 (17), 10462 (20)
   10463 (14), 10463 (14), 10464 (1), 10465 (20), 10466 (12), 10467 (26), 10468 (38), 10469 (26)
   10470 (1), 10470 (1), 10471 (4), 10472 (19), 10473 (18), 10474 (7), 10475 (6), 11004 (1), 11101 (10)
   11102 (6), 11102 (6), 11103 (4), 11104 (7), 11105 (8), 11106 (8), 11201 (16), 11203 (11), 11204 (23)
   11205 (20), 11205 (20), 11206 (29), 11207 (20), 11208 (26), 11209 (23), 11210 (31), 11211 (28)
   11212 (14), 11212 (14), 11213 (20), 11214 (42), 11215 (9), 11216 (9), 11217 (6), 11218 (26)
   11219 (43), 11219 (43), 11220 (19), 11221 (28), 11222 (9), 11223 (37), 11224 (33), 11225 (19)
   11226 (13), 11226 (13), 11228 (11), 11229 (46), 11230 (55), 11231 (10), 11232 (11), 11233 (18)
   11234 (35), 11234 (35), 11235 (56), 11236 (26), 11237 (9), 11238 (15), 11239 (9), 11354 (12)
   11355 (34), 11355 (34), 11356 (12), 11357 (14), 11358 (6), 11360 (9), 11361 (12), 11362 (6)
   11363 (2), 11363 (2), 11364 (11), 11365 (17), 11366 (5), 11367 (12), 11368 (30), 11369 (5)
   11370 (5), 11370 (5), 11372 (9), 11373 (34), 11374 (11), 11375 (22), 11377 (28), 11378 (18)
   11379 (19), 11379 (19), 11385 (48), 11411 (6), 11412 (10), 11413 (8), 11414 (8), 11415 (5)
   11416 (5), 11416 (5), 11417 (19), 11418 (14), 11419 (15), 11420 (23), 11421 (18), 11422 (10)
   11423 (9), 11423 (9), 11426 (6), 11427 (10), 11428 (9), 11429 (3), 11432 (13), 11433 (11), 11434 (18)
   11435 (11), 11435 (11), 11436 (7), 11691 (28), 11692 (3), 11693 (4), 11694 (6)
