Comparison between:
  Old: d:/byzip/newyork/2020-09-27/data-by-modzcta.csv
  New: d:/byzip/newyork/2020-09-28/data-by-modzcta.csv
Headers are the same

Zip codes not changed: 10003, 10004, 10005, 10006, 10009, 10011, 10012, 10021, 10022, 10028
   10031, 10031, 10044, 10069, 10075, 10128, 10280, 10303, 10306, 10309, 10464, 10465, 10470
   10472, 10472, 10474, 11101, 11105, 11109, 11201, 11215, 11217, 11222, 11224, 11228, 11231
   11232, 11232, 11239, 11361, 11362, 11363, 11366, 11370, 11379, 11412, 11413, 11417, 11423
   11426, 11426, 11427, 11433, 11436, 11692, 11693, 11697

Zip codes with changes: 10001 (1), 10002 (2), 10007 (1), 10010 (1), 10013 (1), 10014 (1), 10016 (1)
   10017 (1), 10017 (1), 10018 (1), 10019 (1), 10023 (3), 10024 (3), 10025 (4), 10026 (2), 10027 (-1)
   10029 (2), 10029 (2), 10030 (1), 10032 (3), 10033 (1), 10034 (1), 10035 (1), 10036 (2), 10037 (1)
   10038 (3), 10038 (3), 10039 (1), 10040 (2), 10065 (1), 10282 (1), 10301 (1), 10302 (1), 10304 (2)
   10305 (2), 10305 (2), 10307 (1), 10308 (1), 10310 (1), 10312 (1), 10314 (1), 10451 (3), 10452 (1)
   10453 (2), 10453 (2), 10454 (1), 10455 (1), 10456 (2), 10457 (2), 10458 (1), 10459 (2), 10460 (1)
   10461 (2), 10461 (2), 10462 (2), 10463 (5), 10466 (3), 10467 (1), 10468 (8), 10469 (2), 10471 (1)
   10473 (1), 10473 (1), 10475 (2), 11004 (2), 11102 (3), 11103 (1), 11104 (1), 11106 (1), 11203 (1)
   11204 (21), 11204 (21), 11205 (6), 11206 (2), 11207 (2), 11208 (4), 11209 (2), 11210 (18), 11211 (12)
   11212 (4), 11212 (4), 11213 (9), 11214 (2), 11216 (1), 11218 (5), 11219 (20), 11220 (2), 11221 (2)
   11223 (11), 11223 (11), 11225 (3), 11226 (1), 11229 (11), 11230 (14), 11233 (3), 11234 (5)
   11235 (6), 11235 (6), 11236 (1), 11237 (-1), 11238 (2), 11354 (2), 11355 (1), 11356 (1), 11357 (1)
   11358 (1), 11358 (1), 11360 (1), 11364 (2), 11365 (1), 11367 (8), 11368 (2), 11369 (3), 11372 (1)
   11373 (6), 11373 (6), 11374 (6), 11375 (8), 11377 (3), 11378 (1), 11385 (1), 11411 (1), 11414 (-1)
   11415 (1), 11415 (1), 11416 (1), 11418 (1), 11419 (1), 11420 (5), 11421 (1), 11422 (1), 11428 (1)
   11429 (1), 11429 (1), 11432 (2), 11434 (3), 11435 (3), 11691 (21), 11694 (1)
