Comparison between:
  Old: d:/byzip/newyork/2021-03-18/data-by-modzcta.csv
  New: d:/byzip/newyork/2021-03-19/data-by-modzcta.csv
Headers are the same

Zip codes not changed: 10001, 10006, 10017, 10019, 10028, 10038, 10069, 10075, 10282, 10303
   10310, 10310, 10464, 10471, 10474, 11004, 11211, 11217, 11378, 11428, 11433, 11692, 11697
   

Zip codes with changes: 10002 (6), 10003 (18), 10004 (2), 10005 (1), 10007 (1), 10009 (7), 10010 (6)
   10011 (5), 10011 (5), 10012 (6), 10013 (6), 10014 (6), 10016 (1), 10018 (2), 10021 (2), 10022 (2)
   10023 (4), 10023 (4), 10024 (4), 10025 (2), 10026 (1), 10027 (3), 10029 (7), 10030 (1), 10031 (6)
   10032 (4), 10032 (4), 10033 (5), 10034 (7), 10035 (2), 10036 (2), 10037 (2), 10039 (3), 10040 (8)
   10044 (1), 10044 (1), 10065 (4), 10128 (3), 10280 (1), 10301 (4), 10302 (1), 10304 (6), 10305 (7)
   10306 (11), 10306 (11), 10307 (1), 10308 (11), 10309 (9), 10312 (11), 10314 (14), 10451 (4)
   10452 (12), 10452 (12), 10453 (5), 10454 (4), 10455 (1), 10456 (14), 10457 (7), 10458 (7)
   10459 (3), 10459 (3), 10460 (5), 10461 (1), 10462 (3), 10463 (1), 10465 (3), 10466 (11), 10467 (11)
   10468 (7), 10468 (7), 10469 (3), 10470 (3), 10472 (3), 10473 (5), 10475 (3), 11101 (3), 11102 (2)
   11103 (1), 11103 (1), 11104 (2), 11105 (4), 11106 (3), 11109 (1), 11201 (3), 11203 (6), 11204 (2)
   11205 (3), 11205 (3), 11206 (8), 11207 (11), 11208 (10), 11209 (2), 11210 (1), 11212 (13), 11213 (6)
   11214 (12), 11214 (12), 11215 (2), 11216 (3), 11218 (3), 11219 (4), 11220 (10), 11221 (15)
   11222 (3), 11222 (3), 11223 (10), 11224 (10), 11225 (4), 11226 (8), 11228 (5), 11229 (7), 11230 (11)
   11231 (2), 11231 (2), 11232 (2), 11233 (11), 11234 (10), 11235 (12), 11236 (4), 11237 (7)
   11238 (6), 11238 (6), 11239 (2), 11354 (6), 11355 (19), 11356 (2), 11357 (2), 11358 (2), 11360 (2)
   11361 (1), 11361 (1), 11362 (2), 11363 (1), 11364 (2), 11365 (7), 11366 (1), 11367 (1), 11368 (11)
   11369 (5), 11369 (5), 11370 (1), 11372 (5), 11373 (13), 11374 (19), 11375 (7), 11377 (7), 11379 (3)
   11385 (9), 11385 (9), 11411 (1), 11412 (-1), 11413 (8), 11414 (8), 11415 (1), 11416 (4), 11417 (1)
   11418 (7), 11418 (7), 11419 (2), 11420 (5), 11421 (9), 11422 (3), 11423 (7), 11426 (1), 11427 (4)
   11429 (5), 11429 (5), 11432 (11), 11434 (3), 11435 (2), 11436 (4), 11691 (9), 11693 (2), 11694 (2)
   
