Comparison between:
  Old: d:/byzip/newyork/2020-10-16/data-by-modzcta.csv
  New: d:/byzip/newyork/2020-10-17/data-by-modzcta.csv
Headers are the same

Zip codes not changed: 10004, 10006, 10009, 10013, 10017, 10018, 10022, 10027, 10028, 10030
   10035, 10035, 10037, 10038, 10039, 10044, 10065, 10069, 10075, 10282, 10307, 10464, 10470
   11096, 11096, 11101, 11238, 11239, 11357, 11363, 11378, 11411, 11420, 11426, 11436, 11693
   11694, 11694, 11697

Zip codes with changes: 10001 (-2), 10002 (-2), 10003 (2), 10005 (1), 10007 (1), 10010 (3), 10011 (1)
   10012 (1), 10012 (1), 10014 (4), 10016 (4), 10019 (1), 10021 (3), 10023 (3), 10024 (4), 10025 (3)
   10026 (1), 10026 (1), 10029 (6), 10031 (4), 10032 (2), 10033 (5), 10034 (1), 10036 (5), 10040 (3)
   10128 (2), 10128 (2), 10280 (1), 10301 (3), 10302 (1), 10303 (5), 10304 (4), 10305 (4), 10306 (5)
   10308 (7), 10308 (7), 10309 (3), 10310 (2), 10312 (9), 10314 (15), 10451 (1), 10452 (2), 10453 (1)
   10454 (3), 10454 (3), 10455 (2), 10456 (3), 10457 (3), 10458 (3), 10459 (2), 10460 (5), 10461 (2)
   10462 (1), 10462 (1), 10463 (3), 10465 (2), 10466 (4), 10467 (2), 10468 (3), 10469 (1), 10471 (6)
   10472 (4), 10472 (4), 10473 (2), 10474 (1), 10475 (1), 11004 (1), 11102 (6), 11103 (2), 11104 (4)
   11105 (6), 11105 (6), 11106 (2), 11109 (1), 11201 (4), 11203 (5), 11204 (14), 11205 (2), 11206 (4)
   11207 (3), 11207 (3), 11208 (1), 11209 (5), 11210 (14), 11211 (10), 11212 (4), 11213 (6), 11214 (3)
   11215 (2), 11215 (2), 11216 (1), 11217 (1), 11218 (17), 11219 (18), 11220 (6), 11221 (3), 11222 (3)
   11223 (18), 11223 (18), 11224 (9), 11225 (6), 11226 (7), 11228 (4), 11229 (1), 11230 (19), 11231 (2)
   11232 (4), 11232 (4), 11233 (3), 11234 (10), 11235 (12), 11236 (5), 11237 (9), 11354 (2), 11355 (2)
   11356 (3), 11356 (3), 11358 (3), 11360 (1), 11361 (-1), 11362 (1), 11364 (2), 11365 (5), 11366 (-1)
   11367 (2), 11367 (2), 11368 (6), 11369 (2), 11370 (1), 11372 (4), 11373 (6), 11374 (2), 11375 (6)
   11377 (2), 11377 (2), 11379 (2), 11385 (9), 11412 (-1), 11413 (3), 11414 (3), 11415 (1), 11416 (6)
   11417 (3), 11417 (3), 11418 (1), 11419 (6), 11421 (10), 11422 (2), 11423 (2), 11427 (2), 11428 (3)
   11429 (4), 11429 (4), 11432 (4), 11433 (2), 11434 (2), 11435 (3), 11691 (10), 11692 (2)
