Comparison between:
  Old: d:/byzip/newyork/2021-01-09/data-by-modzcta.csv
  New: d:/byzip/newyork/2021-01-10/data-by-modzcta.csv
Headers are the same

Zip codes not changed: 10005

Zip codes with changes: 10001 (17), 10002 (48), 10003 (15), 10004 (2), 10006 (1), 10007 (3)
   10009 (22), 10009 (22), 10010 (11), 10011 (13), 10012 (4), 10013 (18), 10014 (16), 10016 (25)
   10017 (14), 10017 (14), 10018 (5), 10019 (15), 10021 (23), 10022 (15), 10023 (24), 10024 (12)
   10025 (22), 10025 (22), 10026 (23), 10027 (33), 10028 (14), 10029 (30), 10030 (12), 10031 (33)
   10032 (38), 10032 (38), 10033 (19), 10034 (22), 10035 (19), 10036 (8), 10037 (13), 10038 (9)
   10039 (6), 10039 (6), 10040 (23), 10044 (9), 10065 (14), 10069 (2), 10075 (13), 10128 (24)
   10280 (2), 10280 (2), 10282 (2), 10301 (32), 10302 (11), 10303 (12), 10304 (47), 10305 (36)
   10306 (56), 10306 (56), 10307 (12), 10308 (39), 10309 (39), 10310 (17), 10312 (63), 10314 (89)
   10451 (24), 10451 (24), 10452 (56), 10453 (46), 10454 (32), 10455 (21), 10456 (60), 10457 (45)
   10458 (48), 10458 (48), 10459 (30), 10460 (35), 10461 (38), 10462 (49), 10463 (37), 10464 (1)
   10465 (43), 10465 (43), 10466 (24), 10467 (52), 10468 (49), 10469 (43), 10470 (13), 10471 (26)
   10472 (40), 10472 (40), 10473 (36), 10474 (7), 10475 (15), 11004 (12), 11101 (15), 11102 (12)
   11103 (17), 11103 (17), 11104 (12), 11105 (18), 11106 (28), 11109 (2), 11201 (24), 11203 (22)
   11204 (47), 11204 (47), 11205 (27), 11206 (54), 11207 (57), 11208 (61), 11209 (34), 11210 (25)
   11211 (42), 11211 (42), 11212 (35), 11213 (12), 11214 (52), 11215 (13), 11216 (14), 11217 (14)
   11218 (32), 11218 (32), 11219 (46), 11220 (64), 11221 (48), 11222 (19), 11223 (66), 11224 (46)
   11225 (20), 11225 (20), 11226 (33), 11228 (35), 11229 (68), 11230 (74), 11231 (11), 11232 (15)
   11233 (26), 11233 (26), 11234 (58), 11235 (71), 11236 (27), 11237 (26), 11238 (17), 11239 (17)
   11354 (37), 11354 (37), 11355 (57), 11356 (22), 11357 (23), 11358 (14), 11360 (11), 11361 (17)
   11362 (10), 11362 (10), 11363 (6), 11364 (21), 11365 (13), 11366 (8), 11367 (20), 11368 (68)
   11369 (19), 11369 (19), 11370 (11), 11372 (34), 11373 (66), 11374 (37), 11375 (47), 11377 (55)
   11378 (35), 11378 (35), 11379 (25), 11385 (76), 11411 (14), 11412 (14), 11413 (17), 11414 (17)
   11415 (8), 11415 (8), 11416 (16), 11417 (28), 11418 (33), 11419 (48), 11420 (55), 11421 (28)
   11422 (9), 11422 (9), 11423 (22), 11426 (17), 11427 (15), 11428 (18), 11429 (20), 11432 (52)
   11433 (27), 11433 (27), 11434 (30), 11435 (60), 11436 (8), 11691 (45), 11692 (16), 11693 (6)
   11694 (16), 11694 (16), 11697 (7)
