Comparison between:
  Old: d:/byzip/newyork/2020-12-17/data-by-modzcta.csv
  New: d:/byzip/newyork/2020-12-18/data-by-modzcta.csv
Headers are the same

Zip codes not changed: 10004, 10069, 10280, 11363

Zip codes with changes: 10001 (6), 10002 (50), 10003 (11), 10005 (3), 10006 (1), 10007 (2), 10009 (27)
   10010 (9), 10010 (9), 10011 (12), 10012 (8), 10013 (9), 10014 (8), 10016 (28), 10017 (5), 10018 (3)
   10019 (11), 10019 (11), 10021 (15), 10022 (14), 10023 (13), 10024 (16), 10025 (27), 10026 (8)
   10027 (17), 10027 (17), 10028 (15), 10029 (40), 10030 (11), 10031 (28), 10032 (22), 10033 (25)
   10034 (15), 10034 (15), 10035 (20), 10036 (3), 10037 (3), 10038 (7), 10039 (5), 10040 (15)
   10044 (5), 10044 (5), 10065 (11), 10075 (6), 10128 (27), 10282 (4), 10301 (22), 10302 (11)
   10303 (13), 10303 (13), 10304 (27), 10305 (30), 10306 (39), 10307 (10), 10308 (18), 10309 (14)
   10310 (13), 10310 (13), 10312 (44), 10314 (72), 10451 (18), 10452 (27), 10453 (53), 10454 (15)
   10455 (14), 10455 (14), 10456 (36), 10457 (31), 10458 (32), 10459 (23), 10460 (23), 10461 (31)
   10462 (24), 10462 (24), 10463 (34), 10464 (3), 10465 (31), 10466 (18), 10467 (29), 10468 (44)
   10469 (27), 10469 (27), 10470 (5), 10471 (2), 10472 (33), 10473 (21), 10474 (6), 10475 (7)
   11004 (1), 11004 (1), 11101 (15), 11102 (12), 11103 (18), 11104 (16), 11105 (20), 11106 (19)
   11109 (1), 11109 (1), 11201 (14), 11203 (36), 11204 (45), 11205 (16), 11206 (26), 11207 (35)
   11208 (40), 11208 (40), 11209 (46), 11210 (36), 11211 (19), 11212 (33), 11213 (19), 11214 (55)
   11215 (20), 11215 (20), 11216 (10), 11217 (9), 11218 (37), 11219 (46), 11220 (81), 11221 (29)
   11222 (8), 11222 (8), 11223 (69), 11224 (17), 11225 (18), 11226 (34), 11228 (29), 11229 (64)
   11230 (76), 11230 (76), 11231 (7), 11232 (17), 11233 (23), 11234 (38), 11235 (72), 11236 (49)
   11237 (17), 11237 (17), 11238 (6), 11239 (14), 11354 (28), 11355 (47), 11356 (6), 11357 (18)
   11358 (12), 11358 (12), 11360 (8), 11361 (6), 11362 (7), 11364 (10), 11365 (17), 11366 (8)
   11367 (22), 11367 (22), 11368 (42), 11369 (23), 11370 (17), 11372 (38), 11373 (52), 11374 (24)
   11375 (20), 11375 (20), 11377 (59), 11378 (19), 11379 (17), 11385 (48), 11411 (7), 11412 (16)
   11413 (10), 11413 (10), 11414 (13), 11415 (17), 11416 (15), 11417 (14), 11418 (24), 11419 (50)
   11420 (37), 11420 (37), 11421 (19), 11422 (18), 11423 (8), 11426 (8), 11427 (11), 11428 (8)
   11429 (16), 11429 (16), 11432 (25), 11433 (12), 11434 (32), 11435 (29), 11436 (3), 11691 (37)
   11692 (9), 11692 (9), 11693 (5), 11694 (8), 11697 (11)
