Comparison between:
  Old: d:/byzip/newyork/2020-10-29/data-by-modzcta.csv
  New: d:/byzip/newyork/2020-10-30/data-by-modzcta.csv
Headers are the same

Zip codes not changed: 10004, 10005, 10006, 10030, 10039, 10044, 10280, 10282, 10464, 10471
   11109, 11109, 11360, 11411, 11413, 11423, 11697

Zip codes with changes: 10001 (1), 10002 (7), 10003 (14), 10007 (1), 10009 (9), 10010 (10), 10011 (9)
   10012 (16), 10012 (16), 10013 (4), 10014 (11), 10016 (10), 10017 (4), 10018 (1), 10019 (5)
   10021 (1), 10021 (1), 10022 (1), 10023 (6), 10024 (7), 10025 (4), 10026 (2), 10027 (3), 10028 (5)
   10029 (6), 10029 (6), 10031 (6), 10032 (6), 10033 (2), 10034 (6), 10035 (3), 10036 (2), 10037 (2)
   10038 (3), 10038 (3), 10040 (3), 10065 (1), 10069 (1), 10075 (1), 10128 (5), 10301 (2), 10302 (1)
   10303 (5), 10303 (5), 10304 (6), 10305 (15), 10306 (10), 10307 (5), 10308 (8), 10309 (11), 10310 (3)
   10312 (17), 10312 (17), 10314 (27), 10451 (6), 10452 (6), 10453 (6), 10454 (2), 10455 (4)
   10456 (7), 10456 (7), 10457 (4), 10458 (18), 10459 (4), 10460 (3), 10461 (6), 10462 (11), 10463 (5)
   10465 (15), 10465 (15), 10466 (6), 10467 (14), 10468 (2), 10469 (4), 10470 (2), 10472 (9)
   10473 (6), 10473 (6), 10474 (1), 10475 (3), 11004 (3), 11101 (2), 11102 (3), 11103 (4), 11104 (4)
   11105 (2), 11105 (2), 11106 (6), 11201 (10), 11203 (8), 11204 (12), 11205 (1), 11206 (16), 11207 (12)
   11208 (23), 11208 (23), 11209 (11), 11210 (18), 11211 (12), 11212 (5), 11213 (17), 11214 (18)
   11215 (4), 11215 (4), 11216 (2), 11217 (4), 11218 (5), 11219 (18), 11220 (13), 11221 (5), 11222 (1)
   11223 (13), 11223 (13), 11224 (11), 11225 (5), 11226 (13), 11228 (3), 11229 (20), 11230 (31)
   11231 (5), 11231 (5), 11232 (3), 11233 (10), 11234 (12), 11235 (17), 11236 (15), 11237 (10)
   11238 (4), 11238 (4), 11239 (6), 11354 (1), 11355 (6), 11356 (5), 11357 (2), 11358 (1), 11361 (5)
   11362 (1), 11362 (1), 11363 (1), 11364 (3), 11365 (1), 11366 (2), 11367 (9), 11368 (14), 11369 (8)
   11370 (10), 11370 (10), 11372 (11), 11373 (13), 11374 (1), 11375 (6), 11377 (7), 11378 (7)
   11379 (4), 11379 (4), 11385 (29), 11412 (4), 11414 (8), 11415 (1), 11416 (10), 11417 (9), 11418 (6)
   11419 (5), 11419 (5), 11420 (10), 11421 (22), 11422 (3), 11426 (4), 11427 (3), 11428 (1), 11429 (2)
   11432 (5), 11432 (5), 11433 (1), 11434 (8), 11435 (5), 11436 (1), 11691 (10), 11692 (2), 11693 (1)
   11694 (2), 11694 (2)
