Comparison between:
  Old: d:/byzip/newyork/2021-01-10/data-by-modzcta.csv
  New: d:/byzip/newyork/2021-01-11/data-by-modzcta.csv
Headers are the same

Zip codes not changed: 10006

Zip codes with changes: 10001 (10), 10002 (45), 10003 (9), 10004 (2), 10005 (2), 10007 (4), 10009 (12)
   10010 (11), 10010 (11), 10011 (20), 10012 (7), 10013 (8), 10014 (10), 10016 (25), 10017 (5)
   10018 (6), 10018 (6), 10019 (12), 10021 (11), 10022 (13), 10023 (21), 10024 (24), 10025 (22)
   10026 (18), 10026 (18), 10027 (30), 10028 (10), 10029 (31), 10030 (14), 10031 (28), 10032 (36)
   10033 (36), 10033 (36), 10034 (28), 10035 (15), 10036 (11), 10037 (12), 10038 (7), 10039 (16)
   10040 (18), 10040 (18), 10044 (4), 10065 (12), 10069 (8), 10075 (16), 10128 (20), 10280 (2)
   10282 (1), 10282 (1), 10301 (20), 10302 (11), 10303 (22), 10304 (24), 10305 (37), 10306 (38)
   10307 (8), 10307 (8), 10308 (24), 10309 (35), 10310 (14), 10312 (59), 10314 (56), 10451 (35)
   10452 (64), 10452 (64), 10453 (47), 10454 (11), 10455 (25), 10456 (42), 10457 (34), 10458 (35)
   10459 (29), 10459 (29), 10460 (36), 10461 (31), 10462 (50), 10463 (37), 10464 (1), 10465 (24)
   10466 (41), 10466 (41), 10467 (54), 10468 (53), 10469 (31), 10470 (13), 10471 (15), 10472 (53)
   10473 (27), 10473 (27), 10474 (7), 10475 (7), 11004 (11), 11101 (32), 11102 (8), 11103 (14)
   11104 (13), 11104 (13), 11105 (12), 11106 (20), 11109 (1), 11201 (16), 11203 (29), 11204 (33)
   11205 (17), 11205 (17), 11206 (41), 11207 (42), 11208 (63), 11209 (42), 11210 (22), 11211 (53)
   11212 (38), 11212 (38), 11213 (17), 11214 (55), 11215 (15), 11216 (18), 11217 (17), 11218 (39)
   11219 (48), 11219 (48), 11220 (80), 11221 (28), 11222 (12), 11223 (53), 11224 (31), 11225 (11)
   11226 (32), 11226 (32), 11228 (34), 11229 (46), 11230 (41), 11231 (11), 11232 (9), 11233 (27)
   11234 (35), 11234 (35), 11235 (63), 11236 (37), 11237 (18), 11238 (16), 11239 (11), 11354 (20)
   11355 (19), 11355 (19), 11356 (5), 11357 (18), 11358 (14), 11360 (8), 11361 (9), 11362 (10)
   11363 (2), 11363 (2), 11364 (14), 11365 (18), 11366 (5), 11367 (22), 11368 (39), 11369 (21)
   11370 (25), 11370 (25), 11372 (20), 11373 (41), 11374 (26), 11375 (36), 11377 (59), 11378 (16)
   11379 (17), 11379 (17), 11385 (57), 11411 (1), 11412 (18), 11413 (12), 11414 (18), 11415 (15)
   11416 (18), 11416 (18), 11417 (21), 11418 (21), 11419 (29), 11420 (29), 11421 (31), 11422 (14)
   11423 (22), 11423 (22), 11426 (9), 11427 (12), 11428 (4), 11429 (16), 11432 (37), 11433 (12)
   11434 (24), 11434 (24), 11435 (38), 11436 (15), 11691 (43), 11692 (7), 11693 (2), 11694 (12)
   11697 (3), 11697 (3)
