Comparison between:
  Old: d:/byzip/newyork/2021-03-14/data-by-modzcta.csv
  New: d:/byzip/newyork/2021-03-15/data-by-modzcta.csv
Headers are the same

Zip codes not changed: 10001, 10019, 10075, 10302, 11004, 11211, 11217, 11363

Zip codes with changes: 10002 (14), 10003 (7), 10004 (4), 10005 (3), 10006 (2), 10007 (4), 10009 (12)
   10010 (11), 10010 (11), 10011 (16), 10012 (14), 10013 (5), 10014 (8), 10016 (17), 10017 (5)
   10018 (2), 10018 (2), 10021 (14), 10022 (2), 10023 (8), 10024 (19), 10025 (17), 10026 (13)
   10027 (20), 10027 (20), 10028 (12), 10029 (23), 10030 (6), 10031 (22), 10032 (40), 10033 (25)
   10034 (12), 10034 (12), 10035 (9), 10036 (11), 10037 (3), 10038 (6), 10039 (9), 10040 (10)
   10044 (2), 10044 (2), 10065 (13), 10069 (2), 10128 (12), 10280 (1), 10282 (2), 10301 (11), 10303 (13)
   10304 (11), 10304 (11), 10305 (19), 10306 (46), 10307 (12), 10308 (29), 10309 (14), 10310 (7)
   10312 (28), 10312 (28), 10314 (49), 10451 (13), 10452 (22), 10453 (37), 10454 (8), 10455 (11)
   10456 (31), 10456 (31), 10457 (36), 10458 (22), 10459 (11), 10460 (26), 10461 (36), 10462 (23)
   10463 (13), 10463 (13), 10464 (2), 10465 (25), 10466 (25), 10467 (28), 10468 (29), 10469 (17)
   10470 (4), 10470 (4), 10471 (10), 10472 (23), 10473 (15), 10474 (3), 10475 (4), 11101 (10)
   11102 (20), 11102 (20), 11103 (21), 11104 (14), 11105 (11), 11106 (15), 11109 (3), 11201 (11)
   11203 (20), 11203 (20), 11204 (24), 11205 (22), 11206 (50), 11207 (29), 11208 (51), 11209 (8)
   11210 (16), 11210 (16), 11212 (37), 11213 (28), 11214 (40), 11215 (8), 11216 (22), 11218 (24)
   11219 (39), 11219 (39), 11220 (41), 11221 (43), 11222 (16), 11223 (56), 11224 (30), 11225 (23)
   11226 (28), 11226 (28), 11228 (21), 11229 (40), 11230 (50), 11231 (3), 11232 (7), 11233 (16)
   11234 (34), 11234 (34), 11235 (60), 11236 (21), 11237 (21), 11238 (8), 11239 (8), 11354 (28)
   11355 (63), 11355 (63), 11356 (10), 11357 (29), 11358 (14), 11360 (1), 11361 (4), 11362 (11)
   11364 (10), 11364 (10), 11365 (12), 11366 (4), 11367 (18), 11368 (41), 11369 (11), 11370 (19)
   11372 (32), 11372 (32), 11373 (57), 11374 (23), 11375 (27), 11377 (51), 11378 (17), 11379 (24)
   11385 (60), 11385 (60), 11411 (7), 11412 (5), 11413 (18), 11414 (13), 11415 (15), 11416 (7)
   11417 (9), 11417 (9), 11418 (18), 11419 (18), 11420 (26), 11421 (23), 11422 (10), 11423 (18)
   11426 (5), 11426 (5), 11427 (13), 11428 (5), 11429 (13), 11432 (24), 11433 (21), 11434 (20)
   11435 (30), 11435 (30), 11436 (7), 11691 (47), 11692 (8), 11693 (3), 11694 (21), 11697 (2)
   
