Comparison between:
  Old: d:/byzip/newyork/2021-02-24/data-by-modzcta.csv
  New: d:/byzip/newyork/2021-02-25/data-by-modzcta.csv
Headers are the same

Zip codes not changed: 10004, 10005, 10006

Zip codes with changes: 10001 (3), 10002 (34), 10003 (16), 10007 (1), 10009 (16), 10010 (3)
   10011 (20), 10011 (20), 10012 (7), 10013 (12), 10014 (9), 10016 (10), 10017 (1), 10018 (2)
   10019 (5), 10019 (5), 10021 (7), 10022 (4), 10023 (13), 10024 (10), 10025 (34), 10026 (12)
   10027 (18), 10027 (18), 10028 (6), 10029 (32), 10030 (10), 10031 (23), 10032 (25), 10033 (17)
   10034 (21), 10034 (21), 10035 (16), 10036 (4), 10037 (10), 10038 (5), 10039 (15), 10040 (9)
   10044 (1), 10044 (1), 10065 (6), 10069 (1), 10075 (5), 10128 (12), 10280 (4), 10282 (6), 10301 (16)
   10302 (6), 10302 (6), 10303 (19), 10304 (20), 10305 (20), 10306 (28), 10307 (7), 10308 (14)
   10309 (24), 10309 (24), 10310 (11), 10312 (32), 10314 (26), 10451 (24), 10452 (40), 10453 (36)
   10454 (20), 10454 (20), 10455 (18), 10456 (29), 10457 (43), 10458 (46), 10459 (19), 10460 (35)
   10461 (25), 10461 (25), 10462 (43), 10463 (31), 10464 (2), 10465 (20), 10466 (28), 10467 (54)
   10468 (43), 10468 (43), 10469 (36), 10470 (8), 10471 (9), 10472 (32), 10473 (27), 10474 (5)
   10475 (17), 10475 (17), 11004 (7), 11101 (9), 11102 (11), 11103 (10), 11104 (7), 11105 (9)
   11106 (19), 11106 (19), 11109 (5), 11201 (15), 11203 (19), 11204 (49), 11205 (19), 11206 (26)
   11207 (54), 11207 (54), 11208 (44), 11209 (27), 11210 (40), 11211 (37), 11212 (35), 11213 (29)
   11214 (40), 11214 (40), 11215 (17), 11216 (10), 11217 (12), 11218 (21), 11219 (28), 11220 (22)
   11221 (31), 11221 (31), 11222 (15), 11223 (41), 11224 (38), 11225 (20), 11226 (24), 11228 (19)
   11229 (63), 11229 (63), 11230 (61), 11231 (18), 11232 (7), 11233 (23), 11234 (33), 11235 (75)
   11236 (40), 11236 (40), 11237 (16), 11238 (17), 11239 (5), 11354 (19), 11355 (37), 11356 (9)
   11357 (16), 11357 (16), 11358 (6), 11360 (4), 11361 (7), 11362 (2), 11363 (3), 11364 (12), 11365 (10)
   11366 (4), 11366 (4), 11367 (16), 11368 (33), 11369 (14), 11370 (10), 11372 (15), 11373 (32)
   11374 (31), 11374 (31), 11375 (20), 11377 (41), 11378 (13), 11379 (10), 11385 (49), 11411 (8)
   11412 (10), 11412 (10), 11413 (10), 11414 (5), 11415 (7), 11416 (17), 11417 (18), 11418 (23)
   11419 (28), 11419 (28), 11420 (20), 11421 (16), 11422 (10), 11423 (14), 11426 (1), 11427 (8)
   11428 (11), 11428 (11), 11429 (16), 11432 (24), 11433 (14), 11434 (16), 11435 (34), 11436 (14)
   11691 (24), 11691 (24), 11692 (7), 11693 (8), 11694 (10), 11697 (1)
