Comparison between:
  Old: d:/byzip/newyork/2020-12-06/data-by-modzcta.csv
  New: d:/byzip/newyork/2020-12-07/data-by-modzcta.csv
Headers are the same

Zip codes not changed: 11106

Zip codes with changes: 10001 (-74), 10002 (12), 10003 (-18), 10004 (9), 10005 (-8), 10006 (-10)
   10007 (-17), 10007 (-17), 10009 (12), 10010 (69), 10011 (7), 10012 (-7), 10013 (-29), 10014 (-14)
   10016 (-115), 10016 (-115), 10017 (4), 10018 (-192), 10019 (12), 10021 (-46), 10022 (-34), 10023 (-36)
   10024 (-101), 10024 (-101), 10025 (-129), 10026 (12), 10027 (-28), 10028 (-28), 10029 (-83)
   10030 (27), 10030 (27), 10031 (-90), 10032 (-55), 10033 (-22), 10034 (-15), 10035 (12), 10036 (-12)
   10037 (-111), 10037 (-111), 10038 (-17), 10039 (-22), 10040 (25), 10044 (-9), 10065 (29), 10069 (15)
   10075 (-37), 10075 (-37), 10128 (5), 10280 (6), 10282 (-4), 10301 (-69), 10302 (4), 10303 (-12)
   10304 (-42), 10304 (-42), 10305 (-24), 10306 (29), 10307 (4), 10308 (35), 10309 (6), 10310 (-10)
   10312 (-20), 10312 (-20), 10314 (-33), 10451 (-43), 10452 (-140), 10453 (-21), 10454 (-50), 10455 (30)
   10456 (-70), 10456 (-70), 10457 (-104), 10458 (-96), 10459 (-29), 10460 (11), 10461 (-21), 10462 (-96)
   10463 (-178), 10463 (-178), 10464 (-13), 10465 (-56), 10466 (-79), 10467 (-66), 10468 (-132)
   10469 (-196), 10469 (-196), 10470 (7), 10471 (-75), 10472 (-44), 10473 (-16), 10474 (-16), 10475 (-44)
   11004 (-97), 11004 (-97), 11101 (-29), 11102 (-33), 11103 (5), 11104 (-33), 11105 (17), 11109 (1)
   11201 (-108), 11201 (-108), 11203 (-45), 11204 (-59), 11205 (-19), 11206 (12), 11207 (1), 11208 (22)
   11209 (8), 11209 (8), 11210 (-32), 11211 (-43), 11212 (-44), 11213 (-24), 11214 (1), 11215 (-29)
   11216 (-18), 11216 (-18), 11217 (26), 11218 (-60), 11219 (-203), 11220 (-91), 11221 (-31), 11222 (-8)
   11223 (-88), 11223 (-88), 11224 (-73), 11225 (-16), 11226 (-54), 11228 (4), 11229 (-55), 11230 (151)
   11231 (-4), 11231 (-4), 11232 (-70), 11233 (7), 11234 (-16), 11235 (-240), 11236 (-60), 11237 (-52)
   11238 (-50), 11238 (-50), 11239 (-73), 11354 (-99), 11355 (-61), 11356 (-6), 11357 (-22), 11358 (-13)
   11360 (-17), 11360 (-17), 11361 (-9), 11362 (-17), 11363 (6), 11364 (-6), 11365 (-8), 11366 (-46)
   11367 (-15), 11367 (-15), 11368 (-263), 11369 (68), 11370 (1), 11372 (-149), 11373 (-115), 11374 (-62)
   11375 (-31), 11375 (-31), 11377 (33), 11378 (9), 11379 (-12), 11385 (-26), 11411 (-41), 11412 (-44)
   11413 (-35), 11413 (-35), 11414 (-21), 11415 (-7), 11416 (-18), 11417 (16), 11418 (-71), 11419 (12)
   11420 (-84), 11420 (-84), 11421 (-51), 11422 (-19), 11423 (27), 11426 (9), 11427 (-131), 11428 (-41)
   11429 (-38), 11429 (-38), 11432 (-186), 11433 (9), 11434 (-89), 11435 (-20), 11436 (-23), 11691 (-170)
   11692 (-48), 11692 (-48), 11693 (-11), 11694 (-27), 11697 (4)
