Comparison between:
  Old: d:/byzip/newyork/2021-01-23/data-by-modzcta.csv
  New: d:/byzip/newyork/2021-01-24/data-by-modzcta.csv
Headers are the same


Zip codes with changes: 10001 (12), 10002 (46), 10003 (21), 10004 (2), 10005 (2), 10006 (1)
   10007 (5), 10007 (5), 10009 (21), 10010 (13), 10011 (17), 10012 (15), 10013 (10), 10014 (7)
   10016 (22), 10016 (22), 10017 (5), 10018 (4), 10019 (28), 10021 (9), 10022 (15), 10023 (10)
   10024 (20), 10024 (20), 10025 (50), 10026 (25), 10027 (40), 10028 (20), 10029 (45), 10030 (14)
   10031 (26), 10031 (26), 10032 (36), 10033 (34), 10034 (14), 10035 (26), 10036 (14), 10037 (12)
   10038 (12), 10038 (12), 10039 (10), 10040 (28), 10044 (1), 10065 (8), 10069 (3), 10075 (11)
   10128 (19), 10128 (19), 10280 (5), 10282 (1), 10301 (30), 10302 (13), 10303 (24), 10304 (37)
   10305 (43), 10305 (43), 10306 (55), 10307 (10), 10308 (24), 10309 (23), 10310 (19), 10312 (37)
   10314 (45), 10314 (45), 10451 (40), 10452 (64), 10453 (48), 10454 (28), 10455 (27), 10456 (52)
   10457 (58), 10457 (58), 10458 (68), 10459 (40), 10460 (41), 10461 (31), 10462 (55), 10463 (53)
   10464 (2), 10464 (2), 10465 (24), 10466 (49), 10467 (74), 10468 (62), 10469 (34), 10470 (8)
   10471 (11), 10471 (11), 10472 (40), 10473 (42), 10474 (10), 10475 (31), 11004 (18), 11101 (18)
   11102 (12), 11102 (12), 11103 (15), 11104 (14), 11105 (22), 11106 (17), 11109 (6), 11201 (30)
   11203 (32), 11203 (32), 11204 (42), 11205 (21), 11206 (38), 11207 (62), 11208 (73), 11209 (40)
   11210 (33), 11210 (33), 11211 (41), 11212 (47), 11213 (38), 11214 (53), 11215 (22), 11216 (25)
   11217 (13), 11217 (13), 11218 (24), 11219 (35), 11220 (65), 11221 (54), 11222 (18), 11223 (37)
   11224 (54), 11224 (54), 11225 (18), 11226 (53), 11228 (25), 11229 (48), 11230 (60), 11231 (16)
   11232 (8), 11232 (8), 11233 (30), 11234 (41), 11235 (95), 11236 (45), 11237 (29), 11238 (19)
   11239 (4), 11239 (4), 11354 (29), 11355 (67), 11356 (21), 11357 (14), 11358 (20), 11360 (10)
   11361 (15), 11361 (15), 11362 (14), 11363 (1), 11364 (14), 11365 (18), 11366 (5), 11367 (18)
   11368 (76), 11368 (76), 11369 (31), 11370 (9), 11372 (61), 11373 (63), 11374 (26), 11375 (39)
   11377 (57), 11377 (57), 11378 (22), 11379 (17), 11385 (77), 11411 (6), 11412 (24), 11413 (19)
   11414 (14), 11414 (14), 11415 (12), 11416 (18), 11417 (23), 11418 (24), 11419 (52), 11420 (54)
   11421 (35), 11421 (35), 11422 (19), 11423 (22), 11426 (8), 11427 (17), 11428 (8), 11429 (11)
   11432 (42), 11432 (42), 11433 (15), 11434 (29), 11435 (44), 11436 (20), 11691 (45), 11692 (10)
   11693 (8), 11693 (8), 11694 (12), 11697 (5)
