Comparison between:
  Old: d:/byzip/newyork/2021-02-20/data-by-modzcta.csv
  New: d:/byzip/newyork/2021-02-21/data-by-modzcta.csv
Headers are the same

Zip codes not changed: 10006, 10280, 10310, 10464, 11694

Zip codes with changes: 10001 (4), 10002 (37), 10003 (14), 10004 (3), 10005 (2), 10007 (2), 10009 (14)
   10010 (6), 10010 (6), 10011 (3), 10012 (4), 10013 (7), 10014 (10), 10016 (13), 10017 (5), 10018 (3)
   10019 (7), 10019 (7), 10021 (11), 10022 (2), 10023 (13), 10024 (9), 10025 (24), 10026 (11)
   10027 (16), 10027 (16), 10028 (16), 10029 (27), 10030 (2), 10031 (15), 10032 (12), 10033 (14)
   10034 (8), 10034 (8), 10035 (10), 10036 (5), 10037 (3), 10038 (9), 10039 (4), 10040 (14), 10044 (1)
   10065 (10), 10065 (10), 10069 (2), 10075 (6), 10128 (16), 10282 (-1), 10301 (2), 10302 (7)
   10303 (12), 10303 (12), 10304 (10), 10305 (3), 10306 (6), 10307 (6), 10308 (13), 10309 (16)
   10312 (16), 10312 (16), 10314 (22), 10451 (23), 10452 (15), 10453 (16), 10454 (10), 10455 (16)
   10456 (17), 10456 (17), 10457 (22), 10458 (20), 10459 (10), 10460 (13), 10461 (20), 10462 (32)
   10463 (20), 10463 (20), 10465 (19), 10466 (20), 10467 (23), 10468 (22), 10469 (13), 10470 (2)
   10471 (12), 10471 (12), 10472 (28), 10473 (15), 10474 (-1), 10475 (10), 11004 (6), 11101 (9)
   11102 (8), 11102 (8), 11103 (5), 11104 (5), 11105 (5), 11106 (6), 11109 (1), 11201 (7), 11203 (18)
   11204 (32), 11204 (32), 11205 (15), 11206 (27), 11207 (29), 11208 (24), 11209 (14), 11210 (19)
   11211 (28), 11211 (28), 11212 (24), 11213 (21), 11214 (29), 11215 (9), 11216 (11), 11217 (6)
   11218 (22), 11218 (22), 11219 (17), 11220 (22), 11221 (15), 11222 (7), 11223 (25), 11224 (27)
   11225 (15), 11225 (15), 11226 (33), 11228 (10), 11229 (28), 11230 (46), 11231 (5), 11232 (4)
   11233 (9), 11233 (9), 11234 (30), 11235 (40), 11236 (11), 11237 (14), 11238 (11), 11239 (4)
   11354 (19), 11354 (19), 11355 (30), 11356 (10), 11357 (17), 11358 (7), 11360 (4), 11361 (7)
   11362 (2), 11362 (2), 11363 (1), 11364 (3), 11365 (20), 11366 (1), 11367 (9), 11368 (22), 11369 (5)
   11370 (8), 11370 (8), 11372 (11), 11373 (34), 11374 (23), 11375 (19), 11377 (36), 11378 (13)
   11379 (15), 11379 (15), 11385 (48), 11411 (4), 11412 (11), 11413 (9), 11414 (12), 11415 (7)
   11416 (14), 11416 (14), 11417 (16), 11418 (13), 11419 (18), 11420 (9), 11421 (15), 11422 (8)
   11423 (6), 11423 (6), 11426 (1), 11427 (2), 11428 (9), 11429 (14), 11432 (17), 11433 (10), 11434 (14)
   11435 (10), 11435 (10), 11436 (8), 11691 (13), 11692 (1), 11693 (1), 11697 (1)
