Comparison between:
  Old: d:/byzip/newyork/2020-10-08/data-by-modzcta.csv
  New: d:/byzip/newyork/2020-10-09/data-by-modzcta.csv
Headers are the same

Zip codes not changed: 10004, 10005, 10006, 10013, 10017, 10021, 10023, 10025, 10030, 10038
   10069, 10069, 10280, 10282, 10303, 10451, 10470, 10471, 11104, 11109, 11228, 11233, 11239
   11414, 11414, 11417, 11426, 11427, 11429, 11436, 11697

Zip codes with changes: 10001 (5), 10002 (2), 10003 (3), 10007 (1), 10009 (3), 10010 (3), 10011 (5)
   10012 (3), 10012 (3), 10014 (3), 10016 (6), 10018 (4), 10019 (2), 10022 (1), 10024 (1), 10026 (1)
   10027 (1), 10027 (1), 10028 (2), 10029 (6), 10031 (2), 10032 (1), 10033 (5), 10034 (2), 10035 (2)
   10036 (2), 10036 (2), 10037 (2), 10039 (1), 10040 (2), 10044 (1), 10065 (2), 10075 (1), 10128 (3)
   10301 (2), 10301 (2), 10302 (2), 10304 (2), 10305 (7), 10306 (5), 10307 (3), 10308 (2), 10309 (1)
   10310 (1), 10310 (1), 10312 (6), 10314 (7), 10452 (2), 10453 (5), 10454 (1), 10455 (4), 10456 (4)
   10457 (3), 10457 (3), 10458 (3), 10459 (1), 10460 (4), 10461 (2), 10462 (9), 10463 (3), 10464 (1)
   10465 (1), 10465 (1), 10466 (3), 10467 (3), 10468 (3), 10469 (4), 10472 (2), 10473 (4), 10474 (-1)
   10475 (1), 10475 (1), 11004 (-1), 11101 (2), 11102 (5), 11103 (4), 11105 (1), 11106 (2), 11201 (5)
   11203 (1), 11203 (1), 11204 (19), 11205 (2), 11206 (6), 11207 (9), 11208 (6), 11209 (10), 11210 (25)
   11211 (12), 11211 (12), 11212 (1), 11213 (5), 11214 (10), 11215 (4), 11216 (2), 11217 (1)
   11218 (4), 11218 (4), 11219 (11), 11220 (7), 11221 (4), 11222 (1), 11223 (32), 11224 (1), 11225 (5)
   11226 (4), 11226 (4), 11229 (19), 11230 (39), 11231 (1), 11232 (3), 11234 (10), 11235 (4)
   11236 (6), 11236 (6), 11237 (3), 11238 (1), 11354 (3), 11355 (1), 11356 (-1), 11357 (3), 11358 (2)
   11360 (1), 11360 (1), 11361 (2), 11362 (1), 11363 (1), 11364 (2), 11365 (3), 11366 (-1), 11367 (9)
   11368 (10), 11368 (10), 11369 (2), 11370 (1), 11372 (5), 11373 (8), 11374 (6), 11375 (5), 11377 (5)
   11378 (2), 11378 (2), 11379 (4), 11385 (7), 11411 (1), 11412 (1), 11413 (6), 11415 (2), 11416 (4)
   11418 (2), 11418 (2), 11419 (2), 11420 (2), 11421 (5), 11422 (1), 11423 (3), 11428 (1), 11432 (6)
   11433 (2), 11433 (2), 11434 (4), 11435 (9), 11691 (26), 11692 (-1), 11693 (1), 11694 (2)
