Comparison between:
  Old: d:/byzip/newyork/2020-09-14/data-by-modzcta.csv
  New: d:/byzip/newyork/2020-09-15/data-by-modzcta.csv
Headers are the same

Zip codes not changed: 10001, 10002, 10004, 10005, 10006, 10007, 10012, 10013, 10014, 10017
   10018, 10018, 10019, 10021, 10023, 10028, 10030, 10034, 10036, 10039, 10044, 10069, 10075
   10280, 10280, 10282, 10302, 10303, 10458, 10459, 10464, 10472, 11004, 11104, 11109, 11201
   11203, 11203, 11205, 11217, 11224, 11231, 11232, 11239, 11355, 11356, 11357, 11358, 11361
   11362, 11362, 11363, 11370, 11413, 11418, 11419, 11426, 11427, 11429, 11435, 11436, 11693
   11697, 11697

Zip codes with changes: 10003 (2), 10009 (4), 10010 (-1), 10011 (2), 10016 (1), 10022 (1), 10024 (1)
   10025 (4), 10025 (4), 10026 (1), 10027 (5), 10029 (6), 10031 (4), 10032 (1), 10033 (4), 10035 (2)
   10037 (-1), 10037 (-1), 10038 (1), 10040 (2), 10065 (1), 10128 (2), 10301 (1), 10304 (1), 10305 (5)
   10306 (3), 10306 (3), 10307 (1), 10308 (1), 10309 (3), 10310 (3), 10312 (7), 10314 (5), 10451 (4)
   10452 (12), 10452 (12), 10453 (10), 10454 (1), 10455 (1), 10456 (7), 10457 (6), 10460 (3)
   10461 (1), 10461 (1), 10462 (2), 10463 (2), 10465 (2), 10466 (6), 10467 (5), 10468 (4), 10469 (3)
   10470 (2), 10470 (2), 10471 (1), 10473 (1), 10474 (1), 10475 (3), 11101 (1), 11102 (1), 11103 (1)
   11105 (2), 11105 (2), 11106 (1), 11204 (2), 11206 (4), 11207 (7), 11208 (8), 11209 (3), 11210 (2)
   11211 (5), 11211 (5), 11212 (1), 11213 (2), 11214 (2), 11215 (1), 11216 (2), 11218 (4), 11219 (2)
   11220 (2), 11220 (2), 11221 (1), 11222 (1), 11223 (6), 11225 (3), 11226 (2), 11228 (1), 11229 (10)
   11230 (13), 11230 (13), 11233 (3), 11234 (9), 11235 (2), 11236 (3), 11237 (2), 11238 (2), 11354 (2)
   11360 (1), 11360 (1), 11364 (1), 11365 (4), 11366 (1), 11367 (2), 11368 (6), 11369 (3), 11372 (5)
   11373 (1), 11373 (1), 11374 (4), 11375 (9), 11377 (3), 11378 (1), 11379 (2), 11385 (2), 11411 (1)
   11412 (2), 11412 (2), 11414 (2), 11415 (2), 11416 (2), 11417 (1), 11420 (3), 11421 (1), 11422 (1)
   11423 (4), 11423 (4), 11428 (1), 11432 (9), 11433 (2), 11434 (2), 11691 (4), 11692 (1), 11694 (2)
   
