Comparison between:
  Old: d:/byzip/newyork/2020-12-25/data-by-modzcta.csv
  New: d:/byzip/newyork/2020-12-26/data-by-modzcta.csv
Headers are the same

Zip codes not changed: 10006, 11693

Zip codes with changes: 10001 (7), 10002 (33), 10003 (15), 10004 (2), 10005 (3), 10007 (3), 10009 (21)
   10010 (6), 10010 (6), 10011 (7), 10012 (4), 10013 (11), 10014 (6), 10016 (15), 10017 (5), 10018 (2)
   10019 (15), 10019 (15), 10021 (12), 10022 (3), 10023 (7), 10024 (12), 10025 (13), 10026 (14)
   10027 (11), 10027 (11), 10028 (14), 10029 (24), 10030 (14), 10031 (22), 10032 (19), 10033 (22)
   10034 (9), 10034 (9), 10035 (11), 10036 (8), 10037 (8), 10038 (9), 10039 (9), 10040 (25), 10044 (1)
   10065 (5), 10065 (5), 10069 (3), 10075 (5), 10128 (11), 10280 (2), 10282 (1), 10301 (29), 10302 (7)
   10303 (14), 10303 (14), 10304 (19), 10305 (17), 10306 (40), 10307 (14), 10308 (17), 10309 (17)
   10310 (8), 10310 (8), 10312 (48), 10314 (49), 10451 (13), 10452 (27), 10453 (30), 10454 (12)
   10455 (14), 10455 (14), 10456 (29), 10457 (31), 10458 (26), 10459 (19), 10460 (22), 10461 (16)
   10462 (28), 10462 (28), 10463 (29), 10464 (1), 10465 (22), 10466 (28), 10467 (31), 10468 (36)
   10469 (17), 10469 (17), 10470 (10), 10471 (12), 10472 (20), 10473 (23), 10474 (6), 10475 (11)
   11004 (11), 11004 (11), 11101 (13), 11102 (20), 11103 (19), 11104 (14), 11105 (17), 11106 (18)
   11109 (2), 11109 (2), 11201 (10), 11203 (20), 11204 (39), 11205 (4), 11206 (31), 11207 (21)
   11208 (38), 11208 (38), 11209 (23), 11210 (13), 11211 (20), 11212 (25), 11213 (25), 11214 (38)
   11215 (9), 11215 (9), 11216 (14), 11217 (9), 11218 (23), 11219 (41), 11220 (62), 11221 (27)
   11222 (8), 11222 (8), 11223 (44), 11224 (23), 11225 (16), 11226 (27), 11228 (19), 11229 (48)
   11230 (59), 11230 (59), 11231 (5), 11232 (10), 11233 (20), 11234 (43), 11235 (56), 11236 (28)
   11237 (20), 11237 (20), 11238 (17), 11239 (5), 11354 (7), 11355 (30), 11356 (10), 11357 (15)
   11358 (21), 11358 (21), 11360 (3), 11361 (17), 11362 (4), 11363 (4), 11364 (8), 11365 (18)
   11366 (6), 11366 (6), 11367 (21), 11368 (28), 11369 (10), 11370 (16), 11372 (19), 11373 (30)
   11374 (10), 11374 (10), 11375 (22), 11377 (36), 11378 (11), 11379 (28), 11385 (39), 11411 (7)
   11412 (11), 11412 (11), 11413 (11), 11414 (10), 11415 (7), 11416 (13), 11417 (15), 11418 (16)
   11419 (34), 11419 (34), 11420 (22), 11421 (21), 11422 (12), 11423 (9), 11426 (10), 11427 (13)
   11428 (14), 11428 (14), 11429 (8), 11432 (27), 11433 (10), 11434 (17), 11435 (20), 11436 (7)
   11691 (38), 11691 (38), 11692 (5), 11694 (14), 11697 (3)
