Comparison between:
  Old: d:/byzip/newyork/2021-03-17/data-by-modzcta.csv
  New: d:/byzip/newyork/2021-03-18/data-by-modzcta.csv
Headers are the same

Zip codes not changed: 10001, 10004, 10006, 10007, 10018, 10019, 10023, 10036, 10038, 10039
   10044, 10044, 10065, 10069, 10075, 10282, 10464, 10474, 11004, 11109, 11211, 11217, 11362
   11697, 11697

Zip codes with changes: 10002 (5), 10003 (4), 10005 (-1), 10009 (11), 10010 (3), 10011 (3), 10012 (1)
   10013 (2), 10013 (2), 10014 (2), 10016 (3), 10017 (1), 10021 (1), 10022 (2), 10024 (9), 10025 (7)
   10026 (1), 10026 (1), 10027 (9), 10028 (3), 10029 (7), 10030 (4), 10031 (12), 10032 (3), 10033 (12)
   10034 (7), 10034 (7), 10035 (3), 10037 (8), 10040 (1), 10128 (1), 10280 (1), 10301 (5), 10302 (1)
   10303 (3), 10303 (3), 10304 (6), 10305 (6), 10306 (13), 10307 (2), 10308 (8), 10309 (6), 10310 (3)
   10312 (16), 10312 (16), 10314 (14), 10451 (14), 10452 (9), 10453 (14), 10454 (7), 10455 (6)
   10456 (14), 10456 (14), 10457 (8), 10458 (10), 10459 (5), 10460 (11), 10461 (9), 10462 (10)
   10463 (8), 10463 (8), 10465 (8), 10466 (14), 10467 (5), 10468 (20), 10469 (3), 10470 (1), 10471 (2)
   10472 (8), 10472 (8), 10473 (1), 10475 (4), 11101 (11), 11102 (5), 11103 (5), 11104 (6), 11105 (6)
   11106 (10), 11106 (10), 11201 (2), 11203 (8), 11204 (12), 11205 (4), 11206 (9), 11207 (13)
   11208 (20), 11208 (20), 11209 (9), 11210 (9), 11212 (14), 11213 (10), 11214 (13), 11215 (8)
   11216 (6), 11216 (6), 11218 (5), 11219 (22), 11220 (16), 11221 (9), 11222 (10), 11223 (20)
   11224 (20), 11224 (20), 11225 (8), 11226 (12), 11228 (10), 11229 (20), 11230 (33), 11231 (2)
   11232 (2), 11232 (2), 11233 (9), 11234 (12), 11235 (18), 11236 (4), 11237 (4), 11238 (5), 11239 (2)
   11354 (5), 11354 (5), 11355 (8), 11356 (4), 11357 (3), 11358 (4), 11360 (1), 11361 (4), 11363 (1)
   11364 (3), 11364 (3), 11365 (5), 11366 (2), 11367 (10), 11368 (21), 11369 (10), 11370 (5)
   11372 (1), 11372 (1), 11373 (15), 11374 (3), 11375 (7), 11377 (18), 11378 (8), 11379 (9), 11385 (8)
   11411 (5), 11411 (5), 11412 (4), 11413 (6), 11414 (4), 11415 (1), 11416 (4), 11417 (3), 11418 (7)
   11419 (21), 11419 (21), 11420 (16), 11421 (16), 11422 (-1), 11423 (4), 11426 (3), 11427 (4)
   11428 (6), 11428 (6), 11429 (3), 11432 (3), 11433 (3), 11434 (11), 11435 (10), 11436 (4), 11691 (8)
   11692 (5), 11692 (5), 11693 (2), 11694 (3)
