Comparison between:
  Old: d:/byzip/newyork/2020-12-14/data-by-modzcta.csv
  New: d:/byzip/newyork/2020-12-15/data-by-modzcta.csv
Headers are the same

Zip codes not changed: 10005, 10006, 10007, 10280

Zip codes with changes: 10001 (5), 10002 (50), 10003 (10), 10004 (1), 10009 (25), 10010 (2)
   10011 (16), 10011 (16), 10012 (8), 10013 (12), 10014 (6), 10016 (18), 10017 (4), 10018 (2)
   10019 (5), 10019 (5), 10021 (8), 10022 (7), 10023 (11), 10024 (9), 10025 (21), 10026 (7), 10027 (11)
   10028 (15), 10028 (15), 10029 (16), 10030 (8), 10031 (25), 10032 (25), 10033 (25), 10034 (20)
   10035 (10), 10035 (10), 10036 (9), 10037 (5), 10038 (3), 10039 (6), 10040 (16), 10044 (1)
   10065 (4), 10065 (4), 10069 (3), 10075 (7), 10128 (8), 10282 (1), 10301 (27), 10302 (17), 10303 (12)
   10304 (26), 10304 (26), 10305 (29), 10306 (-31), 10307 (5), 10308 (18), 10309 (26), 10310 (16)
   10312 (34), 10312 (34), 10314 (74), 10451 (33), 10452 (32), 10453 (34), 10454 (14), 10455 (15)
   10456 (34), 10456 (34), 10457 (38), 10458 (26), 10459 (10), 10460 (21), 10461 (21), 10462 (17)
   10463 (28), 10463 (28), 10464 (2), 10465 (15), 10466 (31), 10467 (29), 10468 (30), 10469 (24)
   10470 (9), 10470 (9), 10471 (3), 10472 (19), 10473 (29), 10474 (3), 10475 (10), 11004 (8)
   11101 (16), 11101 (16), 11102 (8), 11103 (11), 11104 (10), 11105 (11), 11106 (16), 11109 (1)
   11201 (16), 11201 (16), 11203 (24), 11204 (22), 11205 (12), 11206 (35), 11207 (33), 11208 (47)
   11209 (34), 11209 (34), 11210 (28), 11211 (30), 11212 (25), 11213 (18), 11214 (49), 11215 (23)
   11216 (10), 11216 (10), 11217 (10), 11218 (31), 11219 (33), 11220 (56), 11221 (32), 11222 (9)
   11223 (46), 11223 (46), 11224 (16), 11225 (9), 11226 (26), 11228 (29), 11229 (26), 11230 (50)
   11231 (6), 11231 (6), 11232 (21), 11233 (13), 11234 (32), 11235 (35), 11236 (21), 11237 (21)
   11238 (7), 11238 (7), 11239 (7), 11354 (14), 11355 (43), 11356 (6), 11357 (18), 11358 (5)
   11360 (5), 11360 (5), 11361 (7), 11362 (7), 11363 (5), 11364 (15), 11365 (11), 11366 (6), 11367 (15)
   11368 (56), 11368 (56), 11369 (13), 11370 (8), 11372 (27), 11373 (36), 11374 (15), 11375 (17)
   11377 (43), 11377 (43), 11378 (20), 11379 (13), 11385 (46), 11411 (6), 11412 (15), 11413 (11)
   11414 (15), 11414 (15), 11415 (7), 11416 (5), 11417 (15), 11418 (11), 11419 (24), 11420 (25)
   11421 (18), 11421 (18), 11422 (8), 11423 (7), 11426 (7), 11427 (14), 11428 (13), 11429 (10)
   11432 (31), 11432 (31), 11433 (11), 11434 (37), 11435 (18), 11436 (13), 11691 (31), 11692 (17)
   11693 (7), 11693 (7), 11694 (9), 11697 (2)
