Comparison between:
  Old: d:/byzip/newyork/2020-09-16/data-by-modzcta.csv
  New: d:/byzip/newyork/2020-09-17/data-by-modzcta.csv
Headers are the same

Zip codes not changed: 10004, 10006, 10012, 10013, 10021, 10022, 10027, 10030, 10035, 10037
   10038, 10038, 10039, 10128, 10280, 10282, 10302, 10307, 10455, 10457, 10458, 10464, 10474
   10475, 10475, 11004, 11105, 11207, 11215, 11216, 11221, 11231, 11239, 11357, 11358, 11361
   11362, 11362, 11363, 11364, 11366, 11367, 11368, 11369, 11370, 11379, 11411, 11419, 11422
   11426, 11426, 11427, 11429, 11433, 11436, 11692

Zip codes with changes: 10001 (-2), 10002 (4), 10003 (2), 10005 (2), 10007 (1), 10009 (2), 10010 (1)
   10011 (1), 10011 (1), 10014 (1), 10016 (4), 10017 (-1), 10018 (-1), 10019 (2), 10023 (3), 10024 (2)
   10025 (4), 10025 (4), 10026 (2), 10028 (-1), 10029 (8), 10031 (1), 10032 (3), 10033 (1), 10034 (3)
   10036 (1), 10036 (1), 10040 (1), 10044 (1), 10065 (2), 10069 (1), 10075 (1), 10301 (1), 10303 (1)
   10304 (4), 10304 (4), 10305 (3), 10306 (3), 10308 (1), 10309 (4), 10310 (4), 10312 (5), 10314 (5)
   10451 (2), 10451 (2), 10452 (5), 10453 (1), 10454 (-1), 10456 (3), 10459 (5), 10460 (1), 10461 (1)
   10462 (3), 10462 (3), 10463 (4), 10465 (1), 10466 (-3), 10467 (2), 10468 (3), 10469 (1), 10470 (3)
   10471 (2), 10471 (2), 10472 (2), 10473 (3), 11101 (1), 11102 (2), 11103 (3), 11104 (1), 11106 (2)
   11109 (1), 11109 (1), 11201 (1), 11203 (2), 11204 (3), 11205 (3), 11206 (2), 11208 (2), 11209 (1)
   11210 (5), 11210 (5), 11211 (11), 11212 (1), 11213 (9), 11214 (3), 11217 (1), 11218 (3), 11219 (-4)
   11220 (-1), 11220 (-1), 11222 (-1), 11223 (8), 11224 (1), 11225 (1), 11226 (4), 11228 (1)
   11229 (-3), 11229 (-3), 11230 (18), 11232 (-1), 11233 (1), 11234 (5), 11235 (7), 11236 (4)
   11237 (1), 11237 (1), 11238 (1), 11354 (4), 11355 (1), 11356 (1), 11360 (1), 11365 (-1), 11372 (1)
   11373 (7), 11373 (7), 11374 (1), 11375 (6), 11377 (3), 11378 (2), 11385 (2), 11412 (1), 11413 (1)
   11414 (1), 11414 (1), 11415 (3), 11416 (1), 11417 (1), 11418 (3), 11420 (1), 11421 (1), 11423 (2)
   11428 (1), 11428 (1), 11432 (6), 11434 (1), 11435 (2), 11691 (4), 11693 (1), 11694 (-1), 11697 (1)
   
