Comparison between:
  Old: d:/byzip/newyork/2020-10-20/data-by-modzcta.csv
  New: d:/byzip/newyork/2020-10-21/data-by-modzcta.csv
Headers are the same

Zip codes not changed: 10003, 10004, 10006, 10010, 10037, 10038, 10039, 10040, 10044, 10280
   10282, 10282, 10302, 10455, 10464, 10470, 10474, 11109, 11231, 11232, 11363, 11364, 11366
   11411, 11411, 11422, 11697

Zip codes with changes: 10001 (2), 10002 (8), 10005 (1), 10007 (1), 10009 (8), 10011 (9), 10012 (2)
   10013 (1), 10013 (1), 10014 (3), 10016 (1), 10017 (3), 10018 (2), 10019 (2), 10021 (3), 10022 (1)
   10023 (4), 10023 (4), 10024 (2), 10025 (5), 10026 (1), 10027 (3), 10028 (4), 10029 (8), 10030 (2)
   10031 (7), 10031 (7), 10032 (5), 10033 (3), 10034 (4), 10035 (6), 10036 (2), 10065 (4), 10069 (1)
   10075 (1), 10075 (1), 10128 (3), 10301 (5), 10303 (3), 10304 (3), 10305 (5), 10306 (7), 10307 (1)
   10308 (4), 10308 (4), 10309 (9), 10310 (3), 10312 (6), 10314 (14), 10451 (4), 10452 (7), 10453 (2)
   10454 (-1), 10454 (-1), 10456 (6), 10457 (2), 10458 (7), 10459 (1), 10460 (6), 10461 (3), 10462 (11)
   10463 (1), 10463 (1), 10465 (5), 10466 (1), 10467 (4), 10468 (4), 10469 (3), 10471 (2), 10472 (5)
   10473 (4), 10473 (4), 10475 (1), 11004 (1), 11101 (6), 11102 (1), 11103 (5), 11104 (2), 11105 (2)
   11106 (1), 11106 (1), 11201 (3), 11203 (7), 11204 (17), 11205 (3), 11206 (8), 11207 (10), 11208 (7)
   11209 (9), 11209 (9), 11210 (15), 11211 (12), 11212 (3), 11213 (6), 11214 (13), 11215 (2)
   11216 (1), 11216 (1), 11217 (5), 11218 (13), 11219 (21), 11220 (10), 11221 (7), 11222 (2)
   11223 (17), 11223 (17), 11224 (8), 11225 (3), 11226 (5), 11228 (3), 11229 (9), 11230 (18), 11233 (2)
   11234 (7), 11234 (7), 11235 (11), 11236 (7), 11237 (6), 11238 (3), 11239 (3), 11354 (1), 11355 (2)
   11356 (5), 11356 (5), 11357 (3), 11358 (1), 11360 (1), 11361 (3), 11362 (4), 11365 (2), 11367 (12)
   11368 (4), 11368 (4), 11369 (3), 11370 (1), 11372 (10), 11373 (13), 11374 (1), 11375 (3), 11377 (9)
   11378 (5), 11378 (5), 11379 (1), 11385 (11), 11412 (3), 11413 (2), 11414 (2), 11415 (2), 11416 (1)
   11417 (4), 11417 (4), 11418 (3), 11419 (7), 11420 (4), 11421 (8), 11423 (3), 11426 (2), 11427 (5)
   11428 (1), 11428 (1), 11429 (1), 11432 (7), 11433 (6), 11434 (2), 11435 (4), 11436 (2), 11691 (5)
   11692 (1), 11692 (1), 11693 (1), 11694 (1)
