Comparison between:
  Old: d:/byzip/newyork/2020-12-19/data-by-modzcta.csv
  New: d:/byzip/newyork/2020-12-20/data-by-modzcta.csv
Headers are the same

Zip codes not changed: 10005, 10006, 10007, 10026, 10044, 10069

Zip codes with changes: 10001 (3), 10002 (18), 10003 (1), 10004 (1), 10009 (13), 10010 (8), 10011 (10)
   10012 (7), 10012 (7), 10013 (2), 10014 (6), 10016 (21), 10017 (2), 10018 (2), 10019 (9), 10021 (8)
   10022 (3), 10022 (3), 10023 (13), 10024 (16), 10025 (11), 10027 (6), 10028 (10), 10029 (17)
   10030 (2), 10030 (2), 10031 (9), 10032 (13), 10033 (8), 10034 (12), 10035 (10), 10036 (4)
   10037 (2), 10037 (2), 10038 (1), 10039 (6), 10040 (7), 10065 (8), 10075 (12), 10128 (6), 10280 (4)
   10282 (1), 10282 (1), 10301 (14), 10302 (11), 10303 (12), 10304 (19), 10305 (38), 10306 (30)
   10307 (2), 10307 (2), 10308 (25), 10309 (18), 10310 (11), 10312 (39), 10314 (49), 10451 (11)
   10452 (21), 10452 (21), 10453 (17), 10454 (10), 10455 (9), 10456 (20), 10457 (21), 10458 (13)
   10459 (12), 10459 (12), 10460 (16), 10461 (10), 10462 (22), 10463 (21), 10464 (4), 10465 (12)
   10466 (16), 10466 (16), 10467 (24), 10468 (18), 10469 (22), 10470 (6), 10471 (5), 10472 (12)
   10473 (8), 10473 (8), 10474 (3), 10475 (4), 11004 (1), 11101 (11), 11102 (18), 11103 (8), 11104 (5)
   11105 (7), 11105 (7), 11106 (17), 11109 (5), 11201 (7), 11203 (18), 11204 (25), 11205 (5)
   11206 (20), 11206 (20), 11207 (14), 11208 (22), 11209 (17), 11210 (32), 11211 (16), 11212 (23)
   11213 (14), 11213 (14), 11214 (27), 11215 (9), 11216 (8), 11217 (7), 11218 (22), 11219 (33)
   11220 (36), 11220 (36), 11221 (19), 11222 (6), 11223 (26), 11224 (13), 11225 (8), 11226 (17)
   11228 (17), 11228 (17), 11229 (33), 11230 (37), 11231 (10), 11232 (5), 11233 (7), 11234 (24)
   11235 (41), 11235 (41), 11236 (16), 11237 (8), 11238 (8), 11239 (4), 11354 (13), 11355 (25)
   11356 (8), 11356 (8), 11357 (6), 11358 (11), 11360 (8), 11361 (9), 11362 (3), 11363 (7), 11364 (2)
   11365 (7), 11365 (7), 11366 (4), 11367 (17), 11368 (26), 11369 (7), 11370 (4), 11372 (12), 11373 (24)
   11374 (17), 11374 (17), 11375 (21), 11377 (26), 11378 (8), 11379 (5), 11385 (21), 11411 (1)
   11412 (9), 11412 (9), 11413 (8), 11414 (10), 11415 (3), 11416 (15), 11417 (11), 11418 (5)
   11419 (25), 11419 (25), 11420 (14), 11421 (14), 11422 (10), 11423 (5), 11426 (7), 11427 (9)
   11428 (5), 11428 (5), 11429 (14), 11432 (22), 11433 (6), 11434 (13), 11435 (13), 11436 (2)
   11691 (17), 11691 (17), 11692 (7), 11693 (2), 11694 (10), 11697 (9)
