Comparison between:
  Old: d:/byzip/newyork/2021-01-16/data-by-modzcta.csv
  New: d:/byzip/newyork/2021-01-17/data-by-modzcta.csv
Headers are the same

Zip codes not changed: 10005

Zip codes with changes: 10001 (10), 10002 (39), 10003 (24), 10004 (2), 10006 (1), 10007 (1)
   10009 (28), 10009 (28), 10010 (7), 10011 (22), 10012 (14), 10013 (16), 10014 (8), 10016 (22)
   10017 (7), 10017 (7), 10018 (6), 10019 (17), 10021 (10), 10022 (11), 10023 (20), 10024 (15)
   10025 (30), 10025 (30), 10026 (19), 10027 (36), 10028 (11), 10029 (55), 10030 (18), 10031 (16)
   10032 (35), 10032 (35), 10033 (22), 10034 (29), 10035 (21), 10036 (14), 10037 (5), 10038 (17)
   10039 (7), 10039 (7), 10040 (28), 10044 (4), 10065 (17), 10069 (5), 10075 (9), 10128 (24), 10280 (3)
   10282 (1), 10282 (1), 10301 (33), 10302 (8), 10303 (18), 10304 (37), 10305 (34), 10306 (56)
   10307 (4), 10307 (4), 10308 (21), 10309 (27), 10310 (15), 10312 (32), 10314 (77), 10451 (35)
   10452 (54), 10452 (54), 10453 (48), 10454 (40), 10455 (42), 10456 (64), 10457 (38), 10458 (58)
   10459 (33), 10459 (33), 10460 (39), 10461 (41), 10462 (52), 10463 (56), 10464 (4), 10465 (24)
   10466 (33), 10466 (33), 10467 (60), 10468 (50), 10469 (46), 10470 (22), 10471 (9), 10472 (54)
   10473 (50), 10473 (50), 10474 (4), 10475 (23), 11004 (9), 11101 (18), 11102 (9), 11103 (18)
   11104 (6), 11104 (6), 11105 (16), 11106 (24), 11109 (4), 11201 (24), 11203 (26), 11204 (43)
   11205 (16), 11205 (16), 11206 (53), 11207 (49), 11208 (67), 11209 (41), 11210 (22), 11211 (38)
   11212 (36), 11212 (36), 11213 (21), 11214 (67), 11215 (21), 11216 (14), 11217 (20), 11218 (58)
   11219 (42), 11219 (42), 11220 (62), 11221 (27), 11222 (17), 11223 (60), 11224 (34), 11225 (14)
   11226 (46), 11226 (46), 11228 (28), 11229 (51), 11230 (73), 11231 (23), 11232 (20), 11233 (32)
   11234 (58), 11234 (58), 11235 (76), 11236 (47), 11237 (31), 11238 (13), 11239 (13), 11354 (36)
   11355 (48), 11355 (48), 11356 (15), 11357 (18), 11358 (22), 11360 (13), 11361 (7), 11362 (5)
   11363 (11), 11363 (11), 11364 (21), 11365 (21), 11366 (13), 11367 (18), 11368 (63), 11369 (26)
   11370 (21), 11370 (21), 11372 (27), 11373 (55), 11374 (33), 11375 (42), 11377 (57), 11378 (25)
   11379 (25), 11379 (25), 11385 (70), 11411 (7), 11412 (18), 11413 (27), 11414 (16), 11415 (13)
   11416 (20), 11416 (20), 11417 (25), 11418 (33), 11419 (40), 11420 (37), 11421 (42), 11422 (17)
   11423 (17), 11423 (17), 11426 (8), 11427 (20), 11428 (19), 11429 (10), 11432 (39), 11433 (24)
   11434 (51), 11434 (51), 11435 (40), 11436 (11), 11691 (45), 11692 (15), 11693 (9), 11694 (9)
   11697 (3), 11697 (3)
