Comparison between:
  Old: d:/byzip/newyork/2020-11-04/data-by-modzcta.csv
  New: d:/byzip/newyork/2020-11-05/data-by-modzcta.csv
Headers are the same

Zip codes not changed: 10004, 10005, 10006, 10035, 10044, 10464, 11004, 11109, 11231, 11362
   11363, 11363, 11417, 11427, 11697

Zip codes with changes: 10001 (2), 10002 (2), 10003 (1), 10007 (-1), 10009 (5), 10010 (5), 10011 (4)
   10012 (1), 10012 (1), 10013 (5), 10014 (7), 10016 (3), 10017 (-1), 10018 (1), 10019 (3), 10021 (-1)
   10022 (4), 10022 (4), 10023 (4), 10024 (5), 10025 (3), 10026 (4), 10027 (2), 10028 (2), 10029 (6)
   10030 (1), 10030 (1), 10031 (7), 10032 (8), 10033 (4), 10034 (3), 10036 (4), 10037 (1), 10038 (1)
   10039 (2), 10039 (2), 10040 (3), 10065 (1), 10069 (1), 10075 (3), 10128 (1), 10280 (1), 10282 (3)
   10301 (7), 10301 (7), 10302 (6), 10303 (3), 10304 (-2), 10305 (10), 10306 (13), 10307 (3)
   10308 (5), 10308 (5), 10309 (5), 10310 (3), 10312 (11), 10314 (11), 10451 (5), 10452 (10), 10453 (13)
   10454 (2), 10454 (2), 10455 (6), 10456 (2), 10457 (6), 10458 (8), 10459 (3), 10460 (9), 10461 (1)
   10462 (10), 10462 (10), 10463 (3), 10465 (3), 10466 (3), 10467 (4), 10468 (10), 10469 (1)
   10470 (1), 10470 (1), 10471 (3), 10472 (1), 10473 (11), 10474 (1), 10475 (-1), 11101 (-1), 11102 (6)
   11103 (4), 11103 (4), 11104 (2), 11105 (6), 11106 (4), 11201 (5), 11203 (13), 11204 (13), 11205 (1)
   11206 (15), 11206 (15), 11207 (4), 11208 (5), 11209 (10), 11210 (15), 11211 (16), 11212 (10)
   11213 (3), 11213 (3), 11214 (12), 11215 (4), 11216 (8), 11217 (-1), 11218 (8), 11219 (19), 11220 (5)
   11221 (6), 11221 (6), 11222 (4), 11223 (22), 11224 (3), 11225 (3), 11226 (16), 11228 (2), 11229 (9)
   11230 (29), 11230 (29), 11232 (4), 11233 (1), 11234 (15), 11235 (7), 11236 (4), 11237 (5)
   11238 (2), 11238 (2), 11239 (3), 11354 (2), 11355 (4), 11356 (1), 11357 (7), 11358 (3), 11360 (4)
   11361 (3), 11361 (3), 11364 (2), 11365 (3), 11366 (-1), 11367 (-1), 11368 (14), 11369 (3)
   11370 (2), 11370 (2), 11372 (7), 11373 (5), 11374 (4), 11375 (8), 11377 (11), 11378 (4), 11379 (9)
   11385 (9), 11385 (9), 11411 (3), 11412 (1), 11413 (1), 11414 (2), 11415 (1), 11416 (1), 11418 (3)
   11419 (5), 11419 (5), 11420 (2), 11421 (4), 11422 (1), 11423 (7), 11426 (-1), 11428 (2), 11429 (2)
   11432 (2), 11432 (2), 11433 (-1), 11434 (5), 11435 (6), 11436 (2), 11691 (3), 11692 (3), 11693 (1)
   11694 (4), 11694 (4)
