Comparison between:
  Old: d:/byzip/newyork/2021-02-26/data-by-modzcta.csv
  New: d:/byzip/newyork/2021-02-27/data-by-modzcta.csv
Headers are the same

Zip codes not changed: 10004, 10006, 10069, 10464, 11363

Zip codes with changes: 10001 (9), 10002 (38), 10003 (23), 10005 (2), 10007 (2), 10009 (26), 10010 (9)
   10011 (13), 10011 (13), 10012 (9), 10013 (10), 10014 (6), 10016 (11), 10017 (2), 10018 (1)
   10019 (15), 10019 (15), 10021 (12), 10022 (5), 10023 (14), 10024 (11), 10025 (26), 10026 (18)
   10027 (10), 10027 (10), 10028 (10), 10029 (35), 10030 (12), 10031 (31), 10032 (14), 10033 (18)
   10034 (25), 10034 (25), 10035 (17), 10036 (3), 10037 (8), 10038 (7), 10039 (23), 10040 (11)
   10044 (3), 10044 (3), 10065 (4), 10075 (4), 10128 (15), 10280 (1), 10282 (1), 10301 (21), 10302 (7)
   10303 (10), 10303 (10), 10304 (21), 10305 (9), 10306 (23), 10307 (10), 10308 (9), 10309 (20)
   10310 (6), 10310 (6), 10312 (41), 10314 (28), 10451 (20), 10452 (51), 10453 (39), 10454 (17)
   10455 (28), 10455 (28), 10456 (32), 10457 (45), 10458 (34), 10459 (34), 10460 (42), 10461 (23)
   10462 (45), 10462 (45), 10463 (35), 10465 (16), 10466 (22), 10467 (39), 10468 (42), 10469 (23)
   10470 (8), 10470 (8), 10471 (8), 10472 (31), 10473 (30), 10474 (7), 10475 (11), 11004 (9)
   11101 (123), 11101 (123), 11102 (13), 11103 (12), 11104 (11), 11105 (16), 11106 (10), 11109 (1)
   11201 (17), 11201 (17), 11203 (31), 11204 (18), 11205 (13), 11206 (40), 11207 (57), 11208 (61)
   11209 (16), 11209 (16), 11210 (19), 11211 (33), 11212 (34), 11213 (33), 11214 (31), 11215 (14)
   11216 (27), 11216 (27), 11217 (9), 11218 (14), 11219 (14), 11220 (34), 11221 (17), 11222 (7)
   11223 (37), 11223 (37), 11224 (10), 11225 (16), 11226 (42), 11228 (14), 11229 (34), 11230 (40)
   11231 (8), 11231 (8), 11232 (9), 11233 (31), 11234 (26), 11235 (39), 11236 (30), 11237 (18)
   11238 (14), 11238 (14), 11239 (8), 11354 (30), 11355 (43), 11356 (11), 11357 (10), 11358 (15)
   11360 (5), 11360 (5), 11361 (8), 11362 (5), 11364 (10), 11365 (21), 11366 (6), 11367 (18), 11368 (45)
   11369 (21), 11369 (21), 11370 (-82), 11372 (20), 11373 (38), 11374 (30), 11375 (19), 11377 (32)
   11378 (19), 11378 (19), 11379 (12), 11385 (29), 11411 (3), 11412 (12), 11413 (20), 11414 (10)
   11415 (7), 11415 (7), 11416 (17), 11417 (8), 11418 (10), 11419 (26), 11420 (24), 11421 (29)
   11422 (13), 11422 (13), 11423 (14), 11426 (8), 11427 (11), 11428 (6), 11429 (17), 11432 (21)
   11433 (11), 11433 (11), 11434 (20), 11435 (22), 11436 (5), 11691 (18), 11692 (6), 11693 (4)
   11694 (5), 11694 (5), 11697 (2)
