Comparison between:
  Old: d:/byzip/newyork/2021-01-08/data-by-modzcta.csv
  New: d:/byzip/newyork/2021-01-09/data-by-modzcta.csv
Headers are the same

Zip codes not changed: 10282

Zip codes with changes: 10001 (12), 10002 (40), 10003 (26), 10004 (5), 10005 (4), 10006 (1)
   10007 (3), 10007 (3), 10009 (26), 10010 (10), 10011 (16), 10012 (5), 10013 (16), 10014 (5)
   10016 (33), 10016 (33), 10017 (3), 10018 (5), 10019 (12), 10021 (10), 10022 (8), 10023 (25)
   10024 (10), 10024 (10), 10025 (24), 10026 (15), 10027 (27), 10028 (17), 10029 (34), 10030 (7)
   10031 (27), 10031 (27), 10032 (22), 10033 (26), 10034 (22), 10035 (14), 10036 (7), 10037 (5)
   10038 (3), 10038 (3), 10039 (15), 10040 (26), 10044 (3), 10065 (13), 10069 (3), 10075 (9)
   10128 (14), 10128 (14), 10280 (1), 10301 (42), 10302 (17), 10303 (31), 10304 (34), 10305 (44)
   10306 (47), 10306 (47), 10307 (27), 10308 (21), 10309 (39), 10310 (25), 10312 (76), 10314 (98)
   10451 (26), 10451 (26), 10452 (59), 10453 (44), 10454 (23), 10455 (21), 10456 (46), 10457 (31)
   10458 (57), 10458 (57), 10459 (25), 10460 (24), 10461 (36), 10462 (41), 10463 (56), 10464 (1)
   10465 (16), 10465 (16), 10466 (41), 10467 (61), 10468 (54), 10469 (36), 10470 (13), 10471 (14)
   10472 (57), 10472 (57), 10473 (51), 10474 (6), 10475 (19), 11004 (5), 11101 (18), 11102 (44)
   11103 (10), 11103 (10), 11104 (4), 11105 (20), 11106 (14), 11109 (4), 11201 (12), 11203 (26)
   11204 (55), 11204 (55), 11205 (9), 11206 (54), 11207 (46), 11208 (51), 11209 (40), 11210 (19)
   11211 (41), 11211 (41), 11212 (34), 11213 (31), 11214 (48), 11215 (20), 11216 (7), 11217 (9)
   11218 (30), 11218 (30), 11219 (46), 11220 (90), 11221 (29), 11222 (21), 11223 (65), 11224 (47)
   11225 (20), 11225 (20), 11226 (46), 11228 (36), 11229 (52), 11230 (67), 11231 (19), 11232 (17)
   11233 (31), 11233 (31), 11234 (38), 11235 (70), 11236 (35), 11237 (23), 11238 (11), 11239 (15)
   11354 (36), 11354 (36), 11355 (33), 11356 (9), 11357 (30), 11358 (21), 11360 (20), 11361 (23)
   11362 (6), 11362 (6), 11363 (1), 11364 (22), 11365 (20), 11366 (13), 11367 (30), 11368 (55)
   11369 (23), 11369 (23), 11370 (17), 11372 (38), 11373 (60), 11374 (52), 11375 (36), 11377 (50)
   11378 (24), 11378 (24), 11379 (21), 11385 (63), 11411 (6), 11412 (24), 11413 (19), 11414 (25)
   11415 (7), 11415 (7), 11416 (19), 11417 (25), 11418 (26), 11419 (44), 11420 (32), 11421 (27)
   11422 (24), 11422 (24), 11423 (22), 11426 (12), 11427 (9), 11428 (16), 11429 (9), 11432 (56)
   11433 (17), 11433 (17), 11434 (24), 11435 (36), 11436 (17), 11691 (46), 11692 (12), 11693 (4)
   11694 (14), 11694 (14), 11697 (1)
