Comparison between:
  Old: d:/byzip/newyork/2020-10-04/data-by-modzcta.csv
  New: d:/byzip/newyork/2020-10-05/data-by-modzcta.csv
Headers are the same

Zip codes not changed: 10004, 10005, 10006, 10007, 10011, 10013, 10016, 10018, 10022, 10027
   10037, 10037, 10038, 10039, 10044, 10069, 10280, 10282, 10303, 10305, 10454, 10460, 10464
   10466, 10466, 10474, 10475, 11101, 11104, 11109, 11203, 11231, 11236, 11237, 11355, 11356
   11358, 11358, 11362, 11363, 11364, 11365, 11366, 11370, 11378, 11412, 11421, 11422, 11426
   11433, 11433, 11436, 11692, 11693, 11697

Zip codes with changes: 10001 (1), 10002 (2), 10003 (2), 10009 (2), 10010 (2), 10012 (2), 10014 (1)
   10017 (1), 10017 (1), 10019 (2), 10021 (1), 10023 (4), 10024 (1), 10025 (7), 10026 (1), 10028 (1)
   10029 (6), 10029 (6), 10030 (1), 10031 (3), 10032 (2), 10033 (1), 10034 (2), 10035 (7), 10036 (2)
   10040 (3), 10040 (3), 10065 (-1), 10075 (3), 10128 (2), 10301 (3), 10302 (1), 10304 (3), 10306 (1)
   10307 (1), 10307 (1), 10308 (2), 10309 (1), 10310 (4), 10312 (2), 10314 (5), 10451 (3), 10452 (2)
   10453 (8), 10453 (8), 10455 (3), 10456 (5), 10457 (2), 10458 (4), 10459 (2), 10461 (3), 10462 (3)
   10463 (1), 10463 (1), 10465 (4), 10467 (3), 10468 (5), 10469 (3), 10470 (-1), 10471 (1), 10472 (2)
   10473 (2), 10473 (2), 11004 (-1), 11102 (4), 11103 (2), 11105 (1), 11106 (5), 11201 (4), 11204 (14)
   11205 (4), 11205 (4), 11206 (6), 11207 (4), 11208 (7), 11209 (2), 11210 (11), 11211 (10), 11212 (5)
   11213 (5), 11213 (5), 11214 (4), 11215 (1), 11216 (1), 11217 (1), 11218 (7), 11219 (17), 11220 (11)
   11221 (1), 11221 (1), 11222 (2), 11223 (17), 11224 (3), 11225 (2), 11226 (3), 11228 (2), 11229 (14)
   11230 (22), 11230 (22), 11232 (2), 11233 (2), 11234 (7), 11235 (5), 11238 (1), 11239 (1), 11354 (1)
   11357 (1), 11357 (1), 11360 (1), 11361 (3), 11367 (5), 11368 (5), 11369 (-3), 11372 (7), 11373 (6)
   11374 (2), 11374 (2), 11375 (2), 11377 (2), 11379 (3), 11385 (9), 11411 (1), 11413 (2), 11414 (2)
   11415 (3), 11415 (3), 11416 (-1), 11417 (2), 11418 (2), 11419 (-1), 11420 (1), 11423 (10), 11427 (2)
   11428 (1), 11428 (1), 11429 (4), 11432 (10), 11434 (2), 11435 (4), 11691 (5), 11694 (1)
