Comparison between:
  Old: d:/byzip/newyork/2021-03-01/data-by-modzcta.csv
  New: d:/byzip/newyork/2021-03-02/data-by-modzcta.csv
Headers are the same

Zip codes not changed: 10280, 10464, 11109, 11363, 11697

Zip codes with changes: 10001 (7), 10002 (36), 10003 (10), 10004 (1), 10005 (1), 10006 (3), 10007 (2)
   10009 (12), 10009 (12), 10010 (4), 10011 (12), 10012 (2), 10013 (11), 10014 (7), 10016 (13)
   10017 (5), 10017 (5), 10018 (1), 10019 (7), 10021 (10), 10022 (4), 10023 (8), 10024 (5), 10025 (15)
   10026 (16), 10026 (16), 10027 (13), 10028 (9), 10029 (30), 10030 (5), 10031 (20), 10032 (28)
   10033 (15), 10033 (15), 10034 (12), 10035 (13), 10036 (3), 10037 (5), 10038 (3), 10039 (6)
   10040 (17), 10040 (17), 10044 (6), 10065 (1), 10069 (3), 10075 (10), 10128 (5), 10282 (1)
   10301 (13), 10301 (13), 10302 (4), 10303 (3), 10304 (16), 10305 (16), 10306 (26), 10307 (6)
   10308 (9), 10308 (9), 10309 (8), 10310 (5), 10312 (22), 10314 (42), 10451 (13), 10452 (29)
   10453 (27), 10453 (27), 10454 (11), 10455 (14), 10456 (41), 10457 (25), 10458 (36), 10459 (17)
   10460 (24), 10460 (24), 10461 (21), 10462 (36), 10463 (25), 10465 (17), 10466 (28), 10467 (52)
   10468 (33), 10468 (33), 10469 (24), 10470 (10), 10471 (2), 10472 (39), 10473 (23), 10474 (3)
   10475 (6), 10475 (6), 11004 (6), 11101 (8), 11102 (5), 11103 (15), 11104 (5), 11105 (15), 11106 (9)
   11201 (13), 11201 (13), 11203 (13), 11204 (25), 11205 (21), 11206 (29), 11207 (42), 11208 (36)
   11209 (16), 11209 (16), 11210 (10), 11211 (27), 11212 (29), 11213 (17), 11214 (36), 11215 (14)
   11216 (11), 11216 (11), 11217 (8), 11218 (26), 11219 (32), 11220 (50), 11221 (22), 11222 (8)
   11223 (44), 11223 (44), 11224 (36), 11225 (16), 11226 (29), 11228 (12), 11229 (41), 11230 (54)
   11231 (10), 11231 (10), 11232 (9), 11233 (18), 11234 (18), 11235 (57), 11236 (26), 11237 (23)
   11238 (10), 11238 (10), 11239 (6), 11354 (17), 11355 (35), 11356 (8), 11357 (19), 11358 (14)
   11360 (3), 11360 (3), 11361 (4), 11362 (4), 11364 (10), 11365 (20), 11366 (9), 11367 (19), 11368 (44)
   11369 (14), 11369 (14), 11370 (10), 11372 (30), 11373 (48), 11374 (17), 11375 (17), 11377 (44)
   11378 (21), 11378 (21), 11379 (12), 11385 (47), 11411 (9), 11412 (4), 11413 (8), 11414 (12)
   11415 (6), 11415 (6), 11416 (7), 11417 (15), 11418 (30), 11419 (26), 11420 (17), 11421 (17)
   11422 (8), 11422 (8), 11423 (13), 11426 (8), 11427 (5), 11428 (6), 11429 (14), 11432 (18), 11433 (14)
   11434 (17), 11434 (17), 11435 (14), 11436 (5), 11691 (37), 11692 (5), 11693 (7), 11694 (11)
   
