Comparison between:
  Old: d:/byzip/newyork/2020-12-29/data-by-modzcta.csv
  New: d:/byzip/newyork/2020-12-30/data-by-modzcta.csv
Headers are the same

Zip codes not changed: 10282, 11109

Zip codes with changes: 10001 (2), 10002 (29), 10003 (16), 10004 (1), 10005 (3), 10006 (2), 10007 (2)
   10009 (12), 10009 (12), 10010 (7), 10011 (16), 10012 (3), 10013 (8), 10014 (6), 10016 (13)
   10017 (6), 10017 (6), 10018 (5), 10019 (1), 10021 (4), 10022 (4), 10023 (6), 10024 (12), 10025 (14)
   10026 (5), 10026 (5), 10027 (5), 10028 (8), 10029 (21), 10030 (8), 10031 (14), 10032 (20), 10033 (20)
   10034 (14), 10034 (14), 10035 (13), 10036 (4), 10037 (5), 10038 (7), 10039 (3), 10040 (9)
   10044 (1), 10044 (1), 10065 (9), 10069 (2), 10075 (4), 10128 (11), 10280 (5), 10301 (22), 10302 (23)
   10303 (19), 10303 (19), 10304 (31), 10305 (36), 10306 (53), 10307 (8), 10308 (25), 10309 (27)
   10310 (23), 10310 (23), 10312 (42), 10314 (65), 10451 (13), 10452 (21), 10453 (37), 10454 (12)
   10455 (12), 10455 (12), 10456 (20), 10457 (21), 10458 (28), 10459 (15), 10460 (29), 10461 (19)
   10462 (24), 10462 (24), 10463 (27), 10464 (2), 10465 (28), 10466 (20), 10467 (23), 10468 (43)
   10469 (28), 10469 (28), 10470 (24), 10471 (15), 10472 (27), 10473 (30), 10474 (10), 10475 (6)
   11004 (9), 11004 (9), 11101 (15), 11102 (13), 11103 (10), 11104 (7), 11105 (11), 11106 (18)
   11201 (15), 11201 (15), 11203 (20), 11204 (42), 11205 (10), 11206 (24), 11207 (38), 11208 (40)
   11209 (30), 11209 (30), 11210 (36), 11211 (18), 11212 (26), 11213 (30), 11214 (48), 11215 (16)
   11216 (3), 11216 (3), 11217 (9), 11218 (28), 11219 (53), 11220 (59), 11221 (25), 11222 (9)
   11223 (46), 11223 (46), 11224 (24), 11225 (21), 11226 (34), 11228 (30), 11229 (63), 11230 (75)
   11231 (6), 11231 (6), 11232 (27), 11233 (19), 11234 (31), 11235 (61), 11236 (31), 11237 (13)
   11238 (17), 11238 (17), 11239 (3), 11354 (13), 11355 (29), 11356 (13), 11357 (14), 11358 (14)
   11360 (10), 11360 (10), 11361 (1), 11362 (7), 11363 (2), 11364 (10), 11365 (13), 11366 (2)
   11367 (34), 11367 (34), 11368 (44), 11369 (16), 11370 (23), 11372 (18), 11373 (28), 11374 (22)
   11375 (25), 11375 (25), 11377 (48), 11378 (18), 11379 (17), 11385 (43), 11411 (4), 11412 (7)
   11413 (16), 11413 (16), 11414 (10), 11415 (6), 11416 (20), 11417 (24), 11418 (15), 11419 (37)
   11420 (34), 11420 (34), 11421 (29), 11422 (6), 11423 (12), 11426 (8), 11427 (18), 11428 (9)
   11429 (8), 11429 (8), 11432 (14), 11433 (17), 11434 (16), 11435 (19), 11436 (9), 11691 (45)
   11692 (8), 11692 (8), 11693 (6), 11694 (13), 11697 (6)
