Comparison between:
  Old: d:/byzip/newyork/2020-11-27/data-by-modzcta.csv
  New: d:/byzip/newyork/2020-11-28/data-by-modzcta.csv
Headers are the same

Zip codes not changed: 10004, 10006, 10069, 10280, 10282, 11363

Zip codes with changes: 10001 (4), 10002 (13), 10003 (8), 10005 (1), 10007 (-1), 10009 (11), 10010 (8)
   10011 (10), 10011 (10), 10012 (8), 10013 (6), 10014 (6), 10016 (16), 10017 (2), 10018 (3)
   10019 (7), 10019 (7), 10021 (9), 10022 (4), 10023 (5), 10024 (3), 10025 (21), 10026 (10), 10027 (11)
   10028 (9), 10028 (9), 10029 (12), 10030 (11), 10031 (16), 10032 (11), 10033 (14), 10034 (11)
   10035 (4), 10035 (4), 10036 (6), 10037 (5), 10038 (10), 10039 (8), 10040 (19), 10044 (2), 10065 (7)
   10075 (3), 10075 (3), 10128 (12), 10301 (22), 10302 (7), 10303 (7), 10304 (19), 10305 (19)
   10306 (33), 10306 (33), 10307 (4), 10308 (12), 10309 (9), 10310 (10), 10312 (20), 10314 (40)
   10451 (19), 10451 (19), 10452 (21), 10453 (12), 10454 (13), 10455 (15), 10456 (22), 10457 (27)
   10458 (17), 10458 (17), 10459 (14), 10460 (18), 10461 (7), 10462 (22), 10463 (10), 10464 (1)
   10465 (7), 10465 (7), 10466 (20), 10467 (22), 10468 (15), 10469 (19), 10470 (3), 10471 (8)
   10472 (13), 10472 (13), 10473 (9), 10474 (-2), 10475 (3), 11004 (4), 11101 (5), 11102 (10)
   11103 (3), 11103 (3), 11104 (5), 11105 (8), 11106 (11), 11109 (1), 11201 (2), 11203 (17), 11204 (15)
   11205 (9), 11205 (9), 11206 (5), 11207 (21), 11208 (26), 11209 (16), 11210 (14), 11211 (34)
   11212 (24), 11212 (24), 11213 (12), 11214 (22), 11215 (5), 11216 (13), 11217 (7), 11218 (6)
   11219 (12), 11219 (12), 11220 (29), 11221 (11), 11222 (5), 11223 (36), 11224 (6), 11225 (3)
   11226 (10), 11226 (10), 11228 (13), 11229 (14), 11230 (32), 11231 (8), 11232 (3), 11233 (11)
   11234 (12), 11234 (12), 11235 (24), 11236 (14), 11237 (4), 11238 (13), 11239 (2), 11354 (6)
   11355 (12), 11355 (12), 11356 (10), 11357 (8), 11358 (12), 11360 (4), 11361 (2), 11362 (2)
   11364 (3), 11364 (3), 11365 (8), 11366 (7), 11367 (11), 11368 (35), 11369 (15), 11370 (6)
   11372 (17), 11372 (17), 11373 (27), 11374 (12), 11375 (15), 11377 (15), 11378 (9), 11379 (10)
   11385 (29), 11385 (29), 11411 (4), 11412 (7), 11413 (7), 11414 (2), 11415 (3), 11416 (8), 11417 (9)
   11418 (19), 11418 (19), 11419 (13), 11420 (13), 11421 (10), 11422 (8), 11423 (5), 11426 (6)
   11427 (7), 11427 (7), 11428 (2), 11429 (3), 11432 (15), 11433 (5), 11434 (8), 11435 (11), 11436 (9)
   11691 (11), 11691 (11), 11692 (8), 11693 (4), 11694 (10), 11697 (5)
