Comparison between:
  Old: d:/byzip/newyork/2020-10-28/data-by-modzcta.csv
  New: d:/byzip/newyork/2020-10-29/data-by-modzcta.csv
Headers are the same

Zip codes not changed: 10004, 10005, 10006, 10007, 10010, 10018, 10030, 10033, 10035, 10036
   10037, 10037, 10069, 10075, 10282, 10308, 10464, 10474, 11106, 11206, 11218, 11222, 11232
   11237, 11237, 11354, 11360, 11363, 11366, 11369, 11370, 11378, 11412, 11413, 11416, 11423
   11427, 11427, 11433, 11436, 11692, 11693, 11694, 11697

Zip codes with changes: 10001 (1), 10002 (3), 10003 (3), 10009 (2), 10011 (-2), 10012 (1), 10013 (-1)
   10014 (1), 10014 (1), 10016 (1), 10017 (1), 10019 (-2), 10021 (-2), 10022 (3), 10023 (3), 10024 (3)
   10025 (3), 10025 (3), 10026 (3), 10027 (1), 10028 (2), 10029 (8), 10031 (-1), 10032 (3), 10034 (4)
   10038 (1), 10038 (1), 10039 (2), 10040 (2), 10044 (2), 10065 (1), 10128 (-2), 10280 (2), 10301 (4)
   10302 (6), 10302 (6), 10303 (2), 10304 (-3), 10305 (8), 10306 (6), 10307 (1), 10309 (1), 10310 (2)
   10312 (2), 10312 (2), 10314 (5), 10451 (-1), 10452 (2), 10453 (9), 10454 (5), 10455 (2), 10456 (3)
   10457 (4), 10457 (4), 10458 (-1), 10459 (7), 10460 (3), 10461 (2), 10462 (2), 10463 (1), 10465 (-1)
   10466 (3), 10466 (3), 10467 (10), 10468 (4), 10469 (1), 10470 (4), 10471 (1), 10472 (3), 10473 (2)
   10475 (1), 10475 (1), 11004 (2), 11101 (2), 11102 (2), 11103 (1), 11104 (3), 11105 (1), 11109 (1)
   11201 (-1), 11201 (-1), 11203 (7), 11204 (22), 11205 (2), 11207 (5), 11208 (2), 11209 (1)
   11210 (2), 11210 (2), 11211 (14), 11212 (4), 11213 (1), 11214 (4), 11215 (-1), 11216 (1), 11217 (2)
   11219 (-3), 11219 (-3), 11220 (4), 11221 (3), 11223 (3), 11224 (2), 11225 (-2), 11226 (1)
   11228 (-1), 11228 (-1), 11229 (2), 11230 (11), 11231 (-1), 11233 (1), 11234 (6), 11235 (8)
   11236 (4), 11236 (4), 11238 (2), 11239 (2), 11355 (5), 11356 (1), 11357 (2), 11358 (1), 11361 (1)
   11362 (1), 11362 (1), 11364 (2), 11365 (1), 11367 (1), 11368 (3), 11372 (2), 11373 (1), 11374 (-1)
   11375 (4), 11375 (4), 11377 (5), 11379 (2), 11385 (6), 11411 (-1), 11414 (1), 11415 (2), 11417 (2)
   11418 (2), 11418 (2), 11419 (1), 11420 (1), 11421 (2), 11422 (1), 11426 (1), 11428 (2), 11429 (1)
   11432 (2), 11432 (2), 11434 (1), 11435 (2), 11691 (4)
