Comparison between:
  Old: d:/byzip/newyork/2021-01-25/data-by-modzcta.csv
  New: d:/byzip/newyork/2021-01-26/data-by-modzcta.csv
Headers are the same

Zip codes not changed: 10004, 10044, 11363

Zip codes with changes: 10001 (6), 10002 (33), 10003 (11), 10005 (1), 10006 (2), 10007 (1), 10009 (22)
   10010 (10), 10010 (10), 10011 (12), 10012 (8), 10013 (11), 10014 (4), 10016 (8), 10017 (6)
   10018 (8), 10018 (8), 10019 (12), 10021 (14), 10022 (6), 10023 (15), 10024 (9), 10025 (29)
   10026 (14), 10026 (14), 10027 (19), 10028 (7), 10029 (30), 10030 (9), 10031 (24), 10032 (46)
   10033 (14), 10033 (14), 10034 (26), 10035 (16), 10036 (13), 10037 (8), 10038 (14), 10039 (11)
   10040 (17), 10040 (17), 10065 (4), 10069 (6), 10075 (5), 10128 (17), 10280 (2), 10282 (1)
   10301 (19), 10301 (19), 10302 (13), 10303 (12), 10304 (34), 10305 (28), 10306 (36), 10307 (8)
   10308 (11), 10308 (11), 10309 (28), 10310 (19), 10312 (18), 10314 (56), 10451 (33), 10452 (38)
   10453 (46), 10453 (46), 10454 (21), 10455 (26), 10456 (42), 10457 (42), 10458 (41), 10459 (19)
   10460 (21), 10460 (21), 10461 (29), 10462 (50), 10463 (41), 10464 (1), 10465 (21), 10466 (44)
   10467 (84), 10467 (84), 10468 (59), 10469 (40), 10470 (9), 10471 (11), 10472 (48), 10473 (39)
   10474 (6), 10474 (6), 10475 (10), 11004 (10), 11101 (18), 11102 (16), 11103 (8), 11104 (11)
   11105 (9), 11105 (9), 11106 (20), 11109 (4), 11201 (11), 11203 (31), 11204 (40), 11205 (19)
   11206 (36), 11206 (36), 11207 (59), 11208 (65), 11209 (28), 11210 (15), 11211 (31), 11212 (33)
   11213 (27), 11213 (27), 11214 (43), 11215 (18), 11216 (22), 11217 (6), 11218 (51), 11219 (28)
   11220 (43), 11220 (43), 11221 (33), 11222 (10), 11223 (39), 11224 (24), 11225 (20), 11226 (32)
   11228 (22), 11228 (22), 11229 (37), 11230 (52), 11231 (10), 11232 (8), 11233 (28), 11234 (34)
   11235 (64), 11235 (64), 11236 (30), 11237 (25), 11238 (10), 11239 (6), 11354 (18), 11355 (46)
   11356 (16), 11356 (16), 11357 (22), 11358 (14), 11360 (10), 11361 (4), 11362 (6), 11364 (13)
   11365 (7), 11365 (7), 11366 (1), 11367 (13), 11368 (77), 11369 (25), 11370 (15), 11372 (39)
   11373 (50), 11373 (50), 11374 (27), 11375 (30), 11377 (52), 11378 (23), 11379 (27), 11385 (71)
   11411 (5), 11411 (5), 11412 (15), 11413 (13), 11414 (16), 11415 (9), 11416 (28), 11417 (18)
   11418 (20), 11418 (20), 11419 (50), 11420 (36), 11421 (38), 11422 (11), 11423 (19), 11426 (8)
   11427 (6), 11427 (6), 11428 (13), 11429 (10), 11432 (34), 11433 (17), 11434 (26), 11435 (28)
   11436 (12), 11436 (12), 11691 (24), 11692 (10), 11693 (6), 11694 (6), 11697 (5)
