Comparison between:
  Old: d:/byzip/newyork/2021-03-05/data-by-modzcta.csv
  New: d:/byzip/newyork/2021-03-06/data-by-modzcta.csv
Headers are the same

Zip codes not changed: 10282

Zip codes with changes: 10001 (5), 10002 (22), 10003 (22), 10004 (2), 10005 (5), 10006 (1), 10007 (1)
   10009 (16), 10009 (16), 10010 (6), 10011 (19), 10012 (2), 10013 (14), 10014 (15), 10016 (15)
   10017 (4), 10017 (4), 10018 (3), 10019 (10), 10021 (11), 10022 (5), 10023 (13), 10024 (14)
   10025 (17), 10025 (17), 10026 (11), 10027 (10), 10028 (12), 10029 (42), 10030 (9), 10031 (25)
   10032 (18), 10032 (18), 10033 (20), 10034 (15), 10035 (20), 10036 (4), 10037 (2), 10038 (7)
   10039 (17), 10039 (17), 10040 (20), 10044 (3), 10065 (5), 10069 (2), 10075 (11), 10128 (20)
   10280 (6), 10280 (6), 10301 (11), 10302 (12), 10303 (11), 10304 (27), 10305 (38), 10306 (20)
   10307 (5), 10307 (5), 10308 (21), 10309 (17), 10310 (8), 10312 (42), 10314 (47), 10451 (27)
   10452 (45), 10452 (45), 10453 (45), 10454 (18), 10455 (30), 10456 (47), 10457 (25), 10458 (37)
   10459 (22), 10459 (22), 10460 (26), 10461 (19), 10462 (16), 10463 (32), 10464 (1), 10465 (12)
   10466 (26), 10466 (26), 10467 (46), 10468 (42), 10469 (26), 10470 (6), 10471 (5), 10472 (29)
   10473 (41), 10473 (41), 10474 (7), 10475 (11), 11004 (6), 11101 (15), 11102 (6), 11103 (5)
   11104 (9), 11104 (9), 11105 (9), 11106 (15), 11109 (1), 11201 (13), 11203 (20), 11204 (41)
   11205 (13), 11205 (13), 11206 (38), 11207 (41), 11208 (39), 11209 (18), 11210 (20), 11211 (33)
   11212 (32), 11212 (32), 11213 (23), 11214 (40), 11215 (17), 11216 (12), 11217 (8), 11218 (22)
   11219 (34), 11219 (34), 11220 (34), 11221 (26), 11222 (12), 11223 (43), 11224 (29), 11225 (11)
   11226 (28), 11226 (28), 11228 (9), 11229 (52), 11230 (58), 11231 (10), 11232 (10), 11233 (15)
   11234 (30), 11234 (30), 11235 (43), 11236 (33), 11237 (21), 11238 (15), 11239 (7), 11354 (28)
   11355 (46), 11355 (46), 11356 (21), 11357 (19), 11358 (13), 11360 (5), 11361 (3), 11362 (1)
   11363 (1), 11363 (1), 11364 (10), 11365 (15), 11366 (4), 11367 (18), 11368 (38), 11369 (12)
   11370 (2), 11370 (2), 11372 (26), 11373 (38), 11374 (18), 11375 (20), 11377 (30), 11378 (10)
   11379 (21), 11379 (21), 11385 (38), 11411 (5), 11412 (9), 11413 (5), 11414 (14), 11415 (7)
   11416 (21), 11416 (21), 11417 (15), 11418 (3), 11419 (26), 11420 (20), 11421 (11), 11422 (12)
   11423 (12), 11423 (12), 11426 (4), 11427 (7), 11428 (10), 11429 (12), 11432 (24), 11433 (13)
   11434 (15), 11434 (15), 11435 (10), 11436 (6), 11691 (26), 11692 (6), 11693 (4), 11694 (8)
   11697 (4), 11697 (4)
