Comparison between:
  Old: d:/byzip/newyork/2020-09-18/data-by-modzcta.csv
  New: d:/byzip/newyork/2020-09-19/data-by-modzcta.csv
Headers are the same

Zip codes not changed: 10002, 10004, 10006, 10017, 10028, 10037, 10039, 10044, 10069, 10075
   10128, 10128, 10307, 10308, 10309, 10451, 10456, 10464, 10466, 10474, 11101, 11104, 11105
   11109, 11109, 11207, 11215, 11216, 11217, 11231, 11356, 11357, 11362, 11363, 11372, 11411
   11422, 11422, 11436, 11692, 11693, 11697

Zip codes with changes: 10001 (1), 10003 (7), 10005 (1), 10007 (-1), 10009 (1), 10010 (2), 10011 (2)
   10012 (2), 10012 (2), 10013 (2), 10014 (2), 10016 (1), 10018 (4), 10019 (2), 10021 (4), 10022 (1)
   10023 (2), 10023 (2), 10024 (2), 10025 (2), 10026 (1), 10027 (3), 10029 (2), 10030 (1), 10031 (6)
   10032 (2), 10032 (2), 10033 (6), 10034 (3), 10035 (1), 10036 (4), 10038 (-1), 10040 (3), 10065 (2)
   10280 (1), 10280 (1), 10282 (-1), 10301 (1), 10302 (2), 10303 (1), 10304 (3), 10305 (2), 10306 (6)
   10310 (3), 10310 (3), 10312 (5), 10314 (4), 10452 (7), 10453 (6), 10454 (2), 10455 (1), 10457 (4)
   10458 (5), 10458 (5), 10459 (3), 10460 (5), 10461 (1), 10462 (4), 10463 (2), 10465 (1), 10467 (7)
   10468 (3), 10468 (3), 10469 (3), 10470 (1), 10471 (2), 10472 (2), 10473 (4), 10475 (3), 11004 (3)
   11102 (2), 11102 (2), 11103 (1), 11106 (1), 11201 (6), 11203 (3), 11204 (12), 11205 (5), 11206 (9)
   11208 (7), 11208 (7), 11209 (3), 11210 (11), 11211 (12), 11212 (-1), 11213 (5), 11214 (12)
   11218 (7), 11218 (7), 11219 (-3), 11220 (3), 11221 (2), 11222 (1), 11223 (112), 11224 (2)
   11225 (4), 11225 (4), 11226 (4), 11228 (1), 11229 (24), 11230 (48), 11232 (6), 11233 (5), 11234 (9)
   11235 (13), 11235 (13), 11236 (6), 11237 (2), 11238 (1), 11239 (1), 11354 (1), 11355 (1), 11358 (2)
   11360 (2), 11360 (2), 11361 (1), 11364 (4), 11365 (6), 11366 (6), 11367 (8), 11368 (1), 11369 (3)
   11370 (2), 11370 (2), 11373 (6), 11374 (5), 11375 (5), 11377 (3), 11378 (2), 11379 (2), 11385 (9)
   11412 (2), 11412 (2), 11413 (3), 11414 (2), 11415 (2), 11416 (2), 11417 (4), 11418 (2), 11419 (4)
   11420 (3), 11420 (3), 11421 (4), 11423 (3), 11426 (1), 11427 (4), 11428 (1), 11429 (5), 11432 (8)
   11433 (2), 11433 (2), 11434 (1), 11435 (5), 11691 (7), 11694 (2)
