Comparison between:
  Old: d:/byzip/newyork/2020-12-15/data-by-modzcta.csv
  New: d:/byzip/newyork/2020-12-16/data-by-modzcta.csv
Headers are the same

Zip codes not changed: 10018, 10282, 11222

Zip codes with changes: 10001 (7), 10002 (17), 10003 (8), 10004 (1), 10005 (3), 10006 (1), 10007 (2)
   10009 (7), 10009 (7), 10010 (7), 10011 (2), 10012 (3), 10013 (7), 10014 (2), 10016 (5), 10017 (11)
   10019 (6), 10019 (6), 10021 (13), 10022 (5), 10023 (11), 10024 (10), 10025 (12), 10026 (6)
   10027 (13), 10027 (13), 10028 (10), 10029 (21), 10030 (5), 10031 (18), 10032 (22), 10033 (16)
   10034 (23), 10034 (23), 10035 (3), 10036 (7), 10037 (6), 10038 (6), 10039 (13), 10040 (18)
   10044 (5), 10044 (5), 10065 (4), 10069 (2), 10075 (5), 10128 (8), 10280 (1), 10301 (10), 10302 (8)
   10303 (7), 10303 (7), 10304 (24), 10305 (23), 10306 (117), 10307 (15), 10308 (12), 10309 (14)
   10310 (14), 10310 (14), 10312 (32), 10314 (54), 10451 (23), 10452 (36), 10453 (19), 10454 (15)
   10455 (15), 10455 (15), 10456 (20), 10457 (22), 10458 (22), 10459 (12), 10460 (9), 10461 (19)
   10462 (20), 10462 (20), 10463 (33), 10464 (2), 10465 (12), 10466 (8), 10467 (35), 10468 (24)
   10469 (27), 10469 (27), 10470 (5), 10471 (7), 10472 (20), 10473 (12), 10474 (4), 10475 (7)
   11004 (4), 11004 (4), 11101 (10), 11102 (10), 11103 (3), 11104 (7), 11105 (10), 11106 (10)
   11109 (2), 11109 (2), 11201 (6), 11203 (17), 11204 (38), 11205 (14), 11206 (23), 11207 (16)
   11208 (17), 11208 (17), 11209 (15), 11210 (15), 11211 (17), 11212 (17), 11213 (21), 11214 (32)
   11215 (9), 11215 (9), 11216 (10), 11217 (5), 11218 (15), 11219 (30), 11220 (39), 11221 (8)
   11223 (53), 11223 (53), 11224 (13), 11225 (6), 11226 (26), 11228 (16), 11229 (42), 11230 (55)
   11231 (5), 11231 (5), 11232 (10), 11233 (17), 11234 (29), 11235 (31), 11236 (15), 11237 (5)
   11238 (20), 11238 (20), 11239 (3), 11354 (5), 11355 (14), 11356 (10), 11357 (16), 11358 (12)
   11360 (2), 11360 (2), 11361 (2), 11362 (3), 11363 (2), 11364 (2), 11365 (14), 11366 (6), 11367 (6)
   11368 (40), 11368 (40), 11369 (14), 11370 (7), 11372 (20), 11373 (30), 11374 (15), 11375 (21)
   11377 (55), 11377 (55), 11378 (9), 11379 (8), 11385 (30), 11411 (1), 11412 (1), 11413 (12)
   11414 (16), 11414 (16), 11415 (6), 11416 (9), 11417 (11), 11418 (7), 11419 (19), 11420 (21)
   11421 (20), 11421 (20), 11422 (1), 11423 (10), 11426 (9), 11427 (13), 11428 (7), 11429 (7)
   11432 (8), 11432 (8), 11433 (11), 11434 (21), 11435 (10), 11436 (3), 11691 (31), 11692 (2)
   11693 (5), 11693 (5), 11694 (11), 11697 (9)
