Comparison between:
  Old: d:/byzip/newyork/2020-10-18/data-by-modzcta.csv
  New: d:/byzip/newyork/2020-10-19/data-by-modzcta.csv
Headers are the same

Zip codes not changed: 10006, 10007, 10018, 10021, 10030, 10037, 10039, 10044, 10069, 10280
   10282, 10282, 10464, 10470, 10474, 11109, 11201, 11215, 11231, 11237, 11239, 11360, 11369
   11379, 11379, 11411, 11413, 11414, 11418, 11427, 11436, 11692, 11693, 11697

Zip codes with changes: 10001 (3), 10002 (2), 10003 (6), 10004 (2), 10005 (1), 10009 (4), 10010 (2)
   10011 (3), 10011 (3), 10012 (5), 10013 (1), 10014 (2), 10016 (2), 10017 (1), 10019 (2), 10022 (3)
   10023 (1), 10023 (1), 10024 (1), 10025 (4), 10026 (3), 10027 (2), 10028 (4), 10029 (2), 10031 (4)
   10032 (3), 10032 (3), 10033 (2), 10034 (1), 10035 (4), 10036 (2), 10038 (1), 10040 (1), 10065 (5)
   10075 (1), 10075 (1), 10128 (3), 10301 (6), 10302 (2), 10303 (7), 10304 (7), 10305 (5), 10306 (6)
   10307 (2), 10307 (2), 10308 (3), 10309 (2), 10310 (2), 10312 (6), 10314 (7), 10451 (4), 10452 (6)
   10453 (7), 10453 (7), 10454 (2), 10455 (4), 10456 (7), 10457 (2), 10458 (2), 10459 (3), 10460 (10)
   10461 (3), 10461 (3), 10462 (5), 10463 (3), 10465 (2), 10466 (3), 10467 (3), 10468 (4), 10469 (2)
   10471 (1), 10471 (1), 10472 (4), 10473 (1), 10475 (1), 11004 (3), 11101 (2), 11102 (2), 11103 (4)
   11104 (1), 11104 (1), 11105 (4), 11106 (1), 11203 (7), 11204 (6), 11205 (2), 11206 (4), 11207 (3)
   11208 (4), 11208 (4), 11209 (8), 11210 (9), 11211 (5), 11212 (5), 11213 (9), 11214 (3), 11216 (3)
   11217 (4), 11217 (4), 11218 (3), 11219 (12), 11220 (1), 11221 (2), 11222 (3), 11223 (10), 11224 (1)
   11225 (3), 11225 (3), 11226 (4), 11228 (1), 11229 (7), 11230 (9), 11232 (4), 11233 (2), 11234 (10)
   11235 (4), 11235 (4), 11236 (6), 11238 (5), 11354 (7), 11355 (10), 11356 (1), 11357 (4), 11358 (3)
   11361 (2), 11361 (2), 11362 (1), 11363 (2), 11364 (2), 11365 (4), 11366 (2), 11367 (1), 11368 (4)
   11370 (1), 11370 (1), 11372 (8), 11373 (4), 11374 (3), 11375 (8), 11377 (8), 11378 (2), 11385 (8)
   11412 (4), 11412 (4), 11415 (1), 11416 (11), 11417 (1), 11419 (2), 11420 (2), 11421 (5), 11422 (2)
   11423 (1), 11423 (1), 11426 (3), 11428 (1), 11429 (2), 11432 (4), 11433 (1), 11434 (1), 11435 (6)
   11691 (5), 11691 (5), 11694 (3)
