Comparison between:
  Old: d:/byzip/newyork/2020-10-22/data-by-modzcta.csv
  New: d:/byzip/newyork/2020-10-23/data-by-modzcta.csv
Headers are the same

Zip codes not changed: 10004, 10005, 10006, 10007, 10009, 10019, 10024, 10026, 10030, 10037
   10039, 10039, 10069, 10128, 10280, 10282, 10308, 10470, 10471, 10474, 11231, 11232, 11354
   11361, 11361, 11362, 11417, 11428, 11691, 11693, 11697

Zip codes with changes: 10001 (3), 10002 (5), 10003 (6), 10010 (6), 10011 (10), 10012 (1), 10013 (1)
   10014 (2), 10014 (2), 10016 (2), 10017 (1), 10018 (1), 10021 (6), 10022 (3), 10023 (4), 10025 (6)
   10027 (1), 10027 (1), 10028 (4), 10029 (4), 10031 (6), 10032 (3), 10033 (5), 10034 (2), 10035 (3)
   10036 (2), 10036 (2), 10038 (1), 10040 (-1), 10044 (2), 10065 (2), 10075 (2), 10301 (6), 10302 (2)
   10303 (1), 10303 (1), 10304 (4), 10305 (2), 10306 (8), 10307 (-1), 10309 (1), 10310 (2), 10312 (5)
   10314 (2), 10314 (2), 10451 (2), 10452 (7), 10453 (4), 10454 (2), 10455 (2), 10456 (1), 10457 (5)
   10458 (5), 10458 (5), 10459 (1), 10460 (1), 10461 (2), 10462 (1), 10463 (6), 10464 (-1), 10465 (2)
   10466 (2), 10466 (2), 10467 (11), 10468 (8), 10469 (-1), 10472 (3), 10473 (1), 10475 (1), 11004 (3)
   11101 (3), 11101 (3), 11102 (3), 11103 (3), 11104 (-1), 11105 (1), 11106 (2), 11109 (1), 11201 (2)
   11203 (3), 11203 (3), 11204 (13), 11205 (4), 11206 (4), 11207 (2), 11208 (2), 11209 (7), 11210 (6)
   11211 (5), 11211 (5), 11212 (2), 11213 (3), 11214 (11), 11215 (1), 11216 (-1), 11217 (1), 11218 (3)
   11219 (4), 11219 (4), 11220 (3), 11221 (3), 11222 (2), 11223 (10), 11224 (1), 11225 (2), 11226 (6)
   11228 (6), 11228 (6), 11229 (3), 11230 (11), 11233 (4), 11234 (8), 11235 (10), 11236 (5), 11237 (3)
   11238 (4), 11238 (4), 11239 (1), 11355 (4), 11356 (2), 11357 (3), 11358 (1), 11360 (3), 11363 (1)
   11364 (1), 11364 (1), 11365 (5), 11366 (4), 11367 (1), 11368 (11), 11369 (2), 11370 (5), 11372 (3)
   11373 (11), 11373 (11), 11374 (3), 11375 (3), 11377 (4), 11378 (4), 11379 (3), 11385 (2), 11411 (2)
   11412 (1), 11412 (1), 11413 (1), 11414 (1), 11415 (-1), 11416 (4), 11418 (2), 11419 (2), 11420 (2)
   11421 (4), 11421 (4), 11422 (2), 11423 (3), 11426 (2), 11427 (1), 11429 (5), 11432 (3), 11433 (3)
   11434 (1), 11434 (1), 11435 (4), 11436 (1), 11692 (2), 11694 (1)
