Comparison between:
  Old: d:/byzip/newyork/2020-12-04/data-by-modzcta.csv
  New: d:/byzip/newyork/2020-12-05/data-by-modzcta.csv
Headers are the same

Zip codes not changed: 10038, 10044, 11109

Zip codes with changes: 10001 (10), 10002 (12), 10003 (22), 10004 (1), 10005 (4), 10006 (1)
   10007 (2), 10007 (2), 10009 (6), 10010 (4), 10011 (6), 10012 (6), 10013 (10), 10014 (7), 10016 (9)
   10017 (2), 10017 (2), 10018 (10), 10019 (10), 10021 (6), 10022 (6), 10023 (13), 10024 (8)
   10025 (22), 10025 (22), 10026 (12), 10027 (5), 10028 (17), 10029 (17), 10030 (9), 10031 (15)
   10032 (27), 10032 (27), 10033 (25), 10034 (16), 10035 (16), 10036 (11), 10037 (5), 10039 (7)
   10040 (12), 10040 (12), 10065 (3), 10069 (2), 10075 (2), 10128 (9), 10280 (3), 10282 (2), 10301 (17)
   10302 (10), 10302 (10), 10303 (18), 10304 (42), 10305 (16), 10306 (42), 10307 (11), 10308 (27)
   10309 (31), 10309 (31), 10310 (9), 10312 (41), 10314 (61), 10451 (15), 10452 (21), 10453 (19)
   10454 (30), 10454 (30), 10455 (12), 10456 (26), 10457 (16), 10458 (12), 10459 (7), 10460 (19)
   10461 (26), 10461 (26), 10462 (23), 10463 (29), 10464 (6), 10465 (11), 10466 (28), 10467 (25)
   10468 (31), 10468 (31), 10469 (12), 10470 (1), 10471 (3), 10472 (18), 10473 (19), 10474 (2)
   10475 (8), 10475 (8), 11004 (4), 11101 (11), 11102 (6), 11103 (8), 11104 (10), 11105 (8), 11106 (15)
   11201 (7), 11201 (7), 11203 (13), 11204 (23), 11205 (10), 11206 (8), 11207 (13), 11208 (27)
   11209 (18), 11209 (18), 11210 (21), 11211 (37), 11212 (30), 11213 (15), 11214 (21), 11215 (16)
   11216 (13), 11216 (13), 11217 (5), 11218 (14), 11219 (23), 11220 (23), 11221 (22), 11222 (10)
   11223 (47), 11223 (47), 11224 (14), 11225 (7), 11226 (30), 11228 (19), 11229 (27), 11230 (33)
   11231 (10), 11231 (10), 11232 (16), 11233 (13), 11234 (30), 11235 (18), 11236 (22), 11237 (15)
   11238 (4), 11238 (4), 11239 (11), 11354 (7), 11355 (7), 11356 (7), 11357 (13), 11358 (4), 11360 (4)
   11361 (5), 11361 (5), 11362 (5), 11363 (5), 11364 (8), 11365 (8), 11366 (8), 11367 (5), 11368 (35)
   11369 (7), 11369 (7), 11370 (9), 11372 (25), 11373 (28), 11374 (7), 11375 (18), 11377 (45)
   11378 (1), 11378 (1), 11379 (7), 11385 (24), 11411 (4), 11412 (13), 11413 (5), 11414 (5), 11415 (6)
   11416 (12), 11416 (12), 11417 (15), 11418 (17), 11419 (18), 11420 (16), 11421 (23), 11422 (9)
   11423 (7), 11423 (7), 11426 (6), 11427 (8), 11428 (7), 11429 (7), 11432 (33), 11433 (14), 11434 (25)
   11435 (14), 11435 (14), 11436 (6), 11691 (28), 11692 (4), 11693 (4), 11694 (10), 11697 (4)
   
