Comparison between:
  Old: d:/byzip/newyork/2020-11-06/data-by-modzcta.csv
  New: d:/byzip/newyork/2020-11-07/data-by-modzcta.csv
Headers are the same

Zip codes not changed: 10006, 10044, 10474, 11109, 11239, 11356, 11363, 11411, 11421, 11692
   11697, 11697

Zip codes with changes: 10001 (7), 10002 (8), 10003 (8), 10004 (2), 10005 (1), 10007 (2), 10009 (5)
   10010 (3), 10010 (3), 10011 (10), 10012 (1), 10013 (2), 10014 (13), 10016 (8), 10017 (5), 10018 (1)
   10019 (7), 10019 (7), 10021 (6), 10022 (3), 10023 (3), 10024 (3), 10025 (12), 10026 (3), 10027 (6)
   10028 (6), 10028 (6), 10029 (7), 10030 (3), 10031 (13), 10032 (11), 10033 (5), 10034 (3), 10035 (2)
   10036 (8), 10036 (8), 10037 (3), 10038 (12), 10039 (5), 10040 (5), 10065 (4), 10069 (3), 10075 (4)
   10128 (9), 10128 (9), 10280 (1), 10282 (3), 10301 (17), 10302 (3), 10303 (4), 10304 (1), 10305 (10)
   10306 (17), 10306 (17), 10307 (1), 10308 (5), 10309 (7), 10310 (12), 10312 (7), 10314 (6)
   10451 (10), 10451 (10), 10452 (12), 10453 (9), 10454 (7), 10455 (3), 10456 (8), 10457 (10)
   10458 (17), 10458 (17), 10459 (11), 10460 (4), 10461 (5), 10462 (3), 10463 (17), 10464 (1)
   10465 (4), 10465 (4), 10466 (5), 10467 (8), 10468 (11), 10469 (9), 10470 (2), 10471 (1), 10472 (9)
   10473 (8), 10473 (8), 10475 (1), 11004 (2), 11101 (5), 11102 (3), 11103 (8), 11104 (6), 11105 (10)
   11106 (6), 11106 (6), 11201 (9), 11203 (4), 11204 (12), 11205 (3), 11206 (10), 11207 (11), 11208 (25)
   11209 (7), 11209 (7), 11210 (14), 11211 (23), 11212 (10), 11213 (9), 11214 (12), 11215 (8)
   11216 (3), 11216 (3), 11217 (5), 11218 (12), 11219 (33), 11220 (4), 11221 (9), 11222 (7), 11223 (9)
   11224 (7), 11224 (7), 11225 (11), 11226 (9), 11228 (1), 11229 (19), 11230 (29), 11231 (1)
   11232 (2), 11232 (2), 11233 (5), 11234 (14), 11235 (11), 11236 (12), 11237 (8), 11238 (4)
   11354 (7), 11354 (7), 11355 (8), 11357 (3), 11358 (5), 11360 (1), 11361 (2), 11362 (-1), 11364 (5)
   11365 (6), 11365 (6), 11366 (1), 11367 (1), 11368 (22), 11369 (7), 11370 (4), 11372 (16), 11373 (16)
   11374 (9), 11374 (9), 11375 (6), 11377 (5), 11378 (6), 11379 (7), 11385 (25), 11412 (3), 11413 (2)
   11414 (2), 11414 (2), 11415 (1), 11416 (3), 11417 (2), 11418 (10), 11419 (7), 11420 (1), 11422 (5)
   11423 (1), 11423 (1), 11426 (4), 11427 (1), 11428 (4), 11429 (1), 11432 (10), 11433 (2), 11434 (7)
   11435 (8), 11435 (8), 11436 (-1), 11691 (5), 11693 (3), 11694 (2)
