Comparison between:
  Old: d:/byzip/newyork/2020-12-31/data-by-modzcta.csv
  New: d:/byzip/newyork/2021-01-01/data-by-modzcta.csv
Headers are the same


Zip codes with changes: 10001 (9), 10002 (27), 10003 (7), 10004 (2), 10005 (4), 10006 (1), 10007 (6)
   10009 (16), 10009 (16), 10010 (13), 10011 (11), 10012 (6), 10013 (11), 10014 (9), 10016 (9)
   10017 (7), 10017 (7), 10018 (3), 10019 (20), 10021 (18), 10022 (13), 10023 (16), 10024 (13)
   10025 (28), 10025 (28), 10026 (10), 10027 (8), 10028 (14), 10029 (32), 10030 (9), 10031 (16)
   10032 (38), 10032 (38), 10033 (31), 10034 (31), 10035 (16), 10036 (7), 10037 (7), 10038 (6)
   10039 (13), 10039 (13), 10040 (24), 10044 (2), 10065 (10), 10069 (8), 10075 (15), 10128 (11)
   10280 (2), 10280 (2), 10282 (1), 10301 (31), 10302 (23), 10303 (13), 10304 (50), 10305 (49)
   10306 (84), 10306 (84), 10307 (8), 10308 (29), 10309 (52), 10310 (26), 10312 (66), 10314 (105)
   10451 (15), 10451 (15), 10452 (62), 10453 (44), 10454 (29), 10455 (24), 10456 (37), 10457 (47)
   10458 (53), 10458 (53), 10459 (40), 10460 (35), 10461 (63), 10462 (36), 10463 (49), 10464 (1)
   10465 (28), 10465 (28), 10466 (39), 10467 (47), 10468 (47), 10469 (55), 10470 (24), 10471 (19)
   10472 (48), 10472 (48), 10473 (36), 10474 (6), 10475 (17), 11004 (16), 11101 (26), 11102 (18)
   11103 (20), 11103 (20), 11104 (7), 11105 (25), 11106 (22), 11109 (2), 11201 (17), 11203 (29)
   11204 (50), 11204 (50), 11205 (8), 11206 (48), 11207 (41), 11208 (56), 11209 (31), 11210 (23)
   11211 (36), 11211 (36), 11212 (28), 11213 (21), 11214 (55), 11215 (12), 11216 (18), 11217 (3)
   11218 (38), 11218 (38), 11219 (48), 11220 (88), 11221 (34), 11222 (6), 11223 (65), 11224 (35)
   11225 (22), 11225 (22), 11226 (33), 11228 (39), 11229 (63), 11230 (76), 11231 (10), 11232 (27)
   11233 (25), 11233 (25), 11234 (41), 11235 (64), 11236 (35), 11237 (20), 11238 (18), 11239 (4)
   11354 (18), 11354 (18), 11355 (45), 11356 (13), 11357 (28), 11358 (11), 11360 (7), 11361 (9)
   11362 (8), 11362 (8), 11363 (5), 11364 (14), 11365 (12), 11366 (5), 11367 (22), 11368 (61)
   11369 (20), 11369 (20), 11370 (34), 11372 (23), 11373 (52), 11374 (44), 11375 (40), 11377 (62)
   11378 (17), 11378 (17), 11379 (29), 11385 (61), 11411 (8), 11412 (9), 11413 (8), 11414 (18)
   11415 (10), 11415 (10), 11416 (14), 11417 (16), 11418 (32), 11419 (39), 11420 (49), 11421 (34)
   11422 (2), 11422 (2), 11423 (18), 11426 (13), 11427 (20), 11428 (13), 11429 (8), 11432 (30)
   11433 (25), 11433 (25), 11434 (28), 11435 (36), 11436 (8), 11691 (46), 11692 (7), 11693 (9)
   11694 (17), 11694 (17), 11697 (5)
