Comparison between:
  Old: d:/byzip/newyork/2020-11-17/data-by-modzcta.csv
  New: d:/byzip/newyork/2020-11-18/data-by-modzcta.csv
Headers are the same

Zip codes not changed: 10004, 10038, 10044, 10280, 11231, 11360

Zip codes with changes: 10001 (3), 10002 (14), 10003 (8), 10005 (3), 10006 (1), 10007 (2), 10009 (7)
   10010 (4), 10010 (4), 10011 (4), 10012 (5), 10013 (7), 10014 (4), 10016 (4), 10017 (1), 10018 (1)
   10019 (6), 10019 (6), 10021 (3), 10022 (5), 10023 (6), 10024 (11), 10025 (10), 10026 (2), 10027 (6)
   10028 (5), 10028 (5), 10029 (5), 10030 (3), 10031 (6), 10032 (7), 10033 (11), 10034 (9), 10035 (1)
   10036 (6), 10036 (6), 10037 (2), 10039 (4), 10040 (5), 10065 (3), 10069 (1), 10075 (2), 10128 (4)
   10282 (3), 10282 (3), 10301 (15), 10302 (5), 10303 (8), 10304 (18), 10305 (13), 10306 (24)
   10307 (9), 10307 (9), 10308 (12), 10309 (9), 10310 (5), 10312 (23), 10314 (38), 10451 (5)
   10452 (15), 10452 (15), 10453 (14), 10454 (4), 10455 (2), 10456 (11), 10457 (5), 10458 (10)
   10459 (8), 10459 (8), 10460 (7), 10461 (6), 10462 (14), 10463 (18), 10464 (1), 10465 (2), 10466 (9)
   10467 (6), 10467 (6), 10468 (28), 10469 (7), 10470 (3), 10471 (6), 10472 (8), 10473 (14), 10474 (1)
   10475 (4), 10475 (4), 11004 (2), 11101 (6), 11102 (4), 11103 (4), 11104 (5), 11105 (8), 11106 (5)
   11109 (1), 11109 (1), 11201 (5), 11203 (9), 11204 (14), 11205 (3), 11206 (20), 11207 (12), 11208 (17)
   11209 (5), 11209 (5), 11210 (12), 11211 (18), 11212 (7), 11213 (13), 11214 (9), 11215 (7)
   11216 (2), 11216 (2), 11217 (5), 11218 (5), 11219 (16), 11220 (4), 11221 (16), 11222 (5), 11223 (11)
   11224 (7), 11224 (7), 11225 (6), 11226 (6), 11228 (11), 11229 (8), 11230 (16), 11232 (4), 11233 (16)
   11234 (10), 11234 (10), 11235 (13), 11236 (8), 11237 (6), 11238 (7), 11239 (6), 11354 (4)
   11355 (12), 11355 (12), 11356 (3), 11357 (6), 11358 (1), 11361 (1), 11362 (2), 11363 (1), 11364 (2)
   11365 (6), 11365 (6), 11366 (3), 11367 (2), 11368 (20), 11369 (12), 11370 (7), 11372 (11), 11373 (18)
   11374 (5), 11374 (5), 11375 (12), 11377 (17), 11378 (4), 11379 (8), 11385 (14), 11411 (3)
   11412 (4), 11412 (4), 11413 (2), 11414 (6), 11415 (3), 11416 (5), 11417 (7), 11418 (3), 11419 (7)
   11420 (4), 11420 (4), 11421 (9), 11422 (6), 11423 (8), 11426 (1), 11427 (2), 11428 (2), 11429 (6)
   11432 (14), 11432 (14), 11433 (2), 11434 (6), 11435 (9), 11436 (2), 11691 (15), 11692 (5)
   11693 (3), 11693 (3), 11694 (5), 11697 (3)
