Comparison between:
  Old: d:/byzip/newyork/2020-12-01/data-by-modzcta.csv
  New: d:/byzip/newyork/2020-12-02/data-by-modzcta.csv
Headers are the same

Zip codes not changed: 10007, 10044, 10069

Zip codes with changes: 10001 (5), 10002 (15), 10003 (4), 10004 (1), 10005 (4), 10006 (3), 10009 (17)
   10010 (8), 10010 (8), 10011 (12), 10012 (4), 10013 (8), 10014 (7), 10016 (10), 10017 (5), 10018 (4)
   10019 (7), 10019 (7), 10021 (12), 10022 (9), 10023 (12), 10024 (4), 10025 (16), 10026 (6)
   10027 (12), 10027 (12), 10028 (5), 10029 (17), 10030 (8), 10031 (14), 10032 (15), 10033 (11)
   10034 (18), 10034 (18), 10035 (5), 10036 (12), 10037 (3), 10038 (6), 10039 (4), 10040 (11)
   10065 (4), 10065 (4), 10075 (7), 10128 (9), 10280 (3), 10282 (2), 10301 (28), 10302 (16), 10303 (19)
   10304 (20), 10304 (20), 10305 (32), 10306 (50), 10307 (24), 10308 (25), 10309 (40), 10310 (14)
   10312 (69), 10312 (69), 10314 (86), 10451 (10), 10452 (24), 10453 (17), 10454 (6), 10455 (7)
   10456 (11), 10456 (11), 10457 (19), 10458 (16), 10459 (13), 10460 (17), 10461 (19), 10462 (26)
   10463 (9), 10463 (9), 10464 (4), 10465 (17), 10466 (22), 10467 (35), 10468 (18), 10469 (17)
   10470 (5), 10470 (5), 10471 (5), 10472 (19), 10473 (18), 10474 (2), 10475 (14), 11004 (9)
   11101 (14), 11101 (14), 11102 (6), 11103 (4), 11104 (6), 11105 (11), 11106 (9), 11109 (4)
   11201 (9), 11201 (9), 11203 (7), 11204 (21), 11205 (3), 11206 (21), 11207 (20), 11208 (22)
   11209 (21), 11209 (21), 11210 (24), 11211 (12), 11212 (15), 11213 (15), 11214 (31), 11215 (15)
   11216 (3), 11216 (3), 11217 (8), 11218 (20), 11219 (14), 11220 (19), 11221 (7), 11222 (9)
   11223 (48), 11223 (48), 11224 (18), 11225 (6), 11226 (23), 11228 (12), 11229 (44), 11230 (54)
   11231 (2), 11231 (2), 11232 (6), 11233 (15), 11234 (28), 11235 (19), 11236 (12), 11237 (7)
   11238 (4), 11238 (4), 11239 (8), 11354 (4), 11355 (16), 11356 (9), 11357 (17), 11358 (13), 11360 (8)
   11361 (4), 11361 (4), 11362 (8), 11363 (1), 11364 (6), 11365 (7), 11366 (10), 11367 (5), 11368 (26)
   11369 (7), 11369 (7), 11370 (10), 11372 (12), 11373 (26), 11374 (8), 11375 (13), 11377 (23)
   11378 (4), 11378 (4), 11379 (13), 11385 (21), 11411 (7), 11412 (9), 11413 (10), 11414 (15)
   11415 (9), 11415 (9), 11416 (13), 11417 (10), 11418 (7), 11419 (11), 11420 (17), 11421 (17)
   11422 (11), 11422 (11), 11423 (7), 11426 (14), 11427 (7), 11428 (9), 11429 (11), 11432 (23)
   11433 (6), 11433 (6), 11434 (16), 11435 (10), 11436 (3), 11691 (25), 11692 (3), 11693 (5)
   11694 (11), 11694 (11), 11697 (9)
