Comparison between:
  Old: d:/byzip/newyork/2020-11-25/data-by-modzcta.csv
  New: d:/byzip/newyork/2020-11-26/data-by-modzcta.csv
Headers are the same

Zip codes not changed: 10004, 10005, 10006, 10037, 10044, 10464, 11109

Zip codes with changes: 10001 (4), 10002 (11), 10003 (5), 10007 (3), 10009 (12), 10010 (3), 10011 (10)
   10012 (7), 10012 (7), 10013 (6), 10014 (4), 10016 (22), 10017 (2), 10018 (4), 10019 (4), 10021 (6)
   10022 (8), 10022 (8), 10023 (6), 10024 (7), 10025 (19), 10026 (9), 10027 (16), 10028 (5), 10029 (17)
   10030 (3), 10030 (3), 10031 (19), 10032 (23), 10033 (20), 10034 (6), 10035 (6), 10036 (5)
   10038 (7), 10038 (7), 10039 (1), 10040 (8), 10065 (6), 10069 (3), 10075 (6), 10128 (15), 10280 (1)
   10282 (2), 10282 (2), 10301 (23), 10302 (13), 10303 (8), 10304 (19), 10305 (13), 10306 (45)
   10307 (8), 10307 (8), 10308 (9), 10309 (17), 10310 (4), 10312 (28), 10314 (54), 10451 (10)
   10452 (21), 10452 (21), 10453 (15), 10454 (13), 10455 (16), 10456 (25), 10457 (19), 10458 (24)
   10459 (7), 10459 (7), 10460 (16), 10461 (17), 10462 (23), 10463 (13), 10465 (19), 10466 (10)
   10467 (24), 10467 (24), 10468 (28), 10469 (13), 10470 (2), 10471 (4), 10472 (13), 10473 (17)
   10474 (7), 10474 (7), 10475 (2), 11004 (2), 11101 (7), 11102 (8), 11103 (4), 11104 (2), 11105 (18)
   11106 (12), 11106 (12), 11201 (13), 11203 (13), 11204 (12), 11205 (4), 11206 (8), 11207 (21)
   11208 (27), 11208 (27), 11209 (27), 11210 (14), 11211 (21), 11212 (12), 11213 (8), 11214 (31)
   11215 (10), 11215 (10), 11216 (7), 11217 (5), 11218 (20), 11219 (18), 11220 (16), 11221 (10)
   11222 (10), 11222 (10), 11223 (23), 11224 (9), 11225 (5), 11226 (15), 11228 (12), 11229 (20)
   11230 (36), 11230 (36), 11231 (9), 11232 (1), 11233 (9), 11234 (18), 11235 (25), 11236 (11)
   11237 (5), 11237 (5), 11238 (4), 11239 (2), 11354 (7), 11355 (17), 11356 (7), 11357 (8), 11358 (6)
   11360 (5), 11360 (5), 11361 (7), 11362 (10), 11363 (2), 11364 (4), 11365 (9), 11366 (3), 11367 (5)
   11368 (20), 11368 (20), 11369 (14), 11370 (11), 11372 (19), 11373 (24), 11374 (10), 11375 (10)
   11377 (29), 11377 (29), 11378 (9), 11379 (4), 11385 (22), 11411 (4), 11412 (11), 11413 (11)
   11414 (7), 11414 (7), 11415 (7), 11416 (9), 11417 (7), 11418 (9), 11419 (13), 11420 (13), 11421 (13)
   11422 (6), 11422 (6), 11423 (7), 11426 (5), 11427 (6), 11428 (5), 11429 (4), 11432 (17), 11433 (9)
   11434 (4), 11434 (4), 11435 (16), 11436 (2), 11691 (9), 11692 (2), 11693 (3), 11694 (7), 11697 (6)
   
