Comparison between:
  Old: d:/byzip/newyork/2020-10-14/data-by-modzcta.csv
  New: d:/byzip/newyork/2020-10-15/data-by-modzcta.csv
Headers are the same

Zip codes not changed: 10002, 10005, 10006, 10012, 10014, 10022, 10026, 10034, 10035, 10038
   10044, 10044, 10069, 10075, 10280, 10282, 10307, 10310, 10454, 10455, 10470, 10471, 11096
   11104, 11104, 11109, 11212, 11216, 11217, 11357, 11360, 11362, 11363, 11364, 11365, 11379
   11415, 11415, 11417, 11428, 11697

Zip codes with changes: 10001 (-1), 10003 (1), 10004 (2), 10007 (1), 10009 (3), 10010 (2), 10011 (2)
   10013 (-1), 10013 (-1), 10016 (2), 10017 (-1), 10018 (-1), 10019 (4), 10021 (1), 10023 (1)
   10024 (3), 10024 (3), 10025 (2), 10027 (1), 10028 (4), 10029 (5), 10030 (-1), 10031 (3), 10032 (6)
   10033 (1), 10033 (1), 10036 (2), 10037 (1), 10039 (1), 10040 (3), 10065 (3), 10128 (1), 10301 (4)
   10302 (1), 10302 (1), 10303 (4), 10304 (7), 10305 (2), 10306 (3), 10308 (1), 10309 (2), 10312 (4)
   10314 (5), 10314 (5), 10451 (4), 10452 (4), 10453 (4), 10456 (1), 10457 (5), 10458 (5), 10459 (1)
   10460 (1), 10460 (1), 10461 (3), 10462 (2), 10463 (1), 10464 (1), 10465 (2), 10466 (1), 10467 (7)
   10468 (3), 10468 (3), 10469 (7), 10472 (1), 10473 (2), 10474 (3), 10475 (1), 11004 (-1), 11101 (2)
   11102 (1), 11102 (1), 11103 (2), 11105 (4), 11106 (6), 11201 (3), 11203 (4), 11204 (14), 11205 (1)
   11206 (7), 11206 (7), 11207 (3), 11208 (6), 11209 (5), 11210 (9), 11211 (9), 11213 (5), 11214 (4)
   11215 (-1), 11215 (-1), 11218 (12), 11219 (5), 11220 (4), 11221 (2), 11222 (5), 11223 (12)
   11224 (2), 11224 (2), 11225 (2), 11226 (5), 11228 (-1), 11229 (5), 11230 (24), 11231 (1), 11232 (1)
   11233 (2), 11233 (2), 11234 (4), 11235 (6), 11236 (11), 11237 (2), 11238 (-1), 11239 (2), 11354 (1)
   11355 (2), 11355 (2), 11356 (3), 11358 (2), 11361 (2), 11366 (-1), 11367 (2), 11368 (6), 11369 (2)
   11370 (2), 11370 (2), 11372 (1), 11373 (7), 11374 (5), 11375 (8), 11377 (5), 11378 (3), 11385 (-1)
   11411 (1), 11411 (1), 11412 (4), 11413 (3), 11414 (1), 11416 (6), 11418 (2), 11419 (3), 11420 (2)
   11421 (1), 11421 (1), 11422 (2), 11423 (2), 11426 (2), 11427 (3), 11429 (-1), 11432 (4), 11433 (1)
   11434 (1), 11434 (1), 11435 (6), 11436 (1), 11691 (9), 11692 (2), 11693 (1), 11694 (1)
