Comparison between:
  Old: d:/byzip/newyork/2021-02-15/data-by-modzcta.csv
  New: d:/byzip/newyork/2021-02-16/data-by-modzcta.csv
Headers are the same

Zip codes not changed: 10004, 10006, 10007, 10023, 10075, 10282, 10464, 11697

Zip codes with changes: 10001 (7), 10002 (22), 10003 (7), 10005 (1), 10009 (12), 10010 (4), 10011 (7)
   10012 (4), 10012 (4), 10013 (2), 10014 (8), 10016 (15), 10017 (2), 10018 (1), 10019 (13), 10021 (3)
   10022 (3), 10022 (3), 10024 (8), 10025 (13), 10026 (11), 10027 (14), 10028 (10), 10029 (18)
   10030 (10), 10030 (10), 10031 (18), 10032 (20), 10033 (21), 10034 (7), 10035 (10), 10036 (5)
   10037 (5), 10037 (5), 10038 (10), 10039 (6), 10040 (14), 10044 (1), 10065 (4), 10069 (2), 10128 (8)
   10280 (3), 10280 (3), 10301 (13), 10302 (7), 10303 (21), 10304 (15), 10305 (14), 10306 (19)
   10307 (8), 10307 (8), 10308 (17), 10309 (9), 10310 (3), 10312 (22), 10314 (27), 10451 (16)
   10452 (29), 10452 (29), 10453 (35), 10454 (10), 10455 (13), 10456 (32), 10457 (18), 10458 (37)
   10459 (21), 10459 (21), 10460 (23), 10461 (14), 10462 (33), 10463 (30), 10465 (14), 10466 (25)
   10467 (29), 10467 (29), 10468 (36), 10469 (22), 10470 (4), 10471 (2), 10472 (20), 10473 (18)
   10474 (5), 10474 (5), 10475 (9), 11004 (3), 11101 (10), 11102 (15), 11103 (12), 11104 (4)
   11105 (10), 11105 (10), 11106 (13), 11109 (3), 11201 (15), 11203 (27), 11204 (19), 11205 (20)
   11206 (38), 11206 (38), 11207 (34), 11208 (52), 11209 (32), 11210 (9), 11211 (15), 11212 (23)
   11213 (25), 11213 (25), 11214 (37), 11215 (11), 11216 (20), 11217 (9), 11218 (28), 11219 (17)
   11220 (24), 11220 (24), 11221 (28), 11222 (11), 11223 (25), 11224 (41), 11225 (19), 11226 (32)
   11228 (12), 11228 (12), 11229 (36), 11230 (57), 11231 (11), 11232 (9), 11233 (15), 11234 (20)
   11235 (47), 11235 (47), 11236 (30), 11237 (18), 11238 (11), 11239 (4), 11354 (19), 11355 (36)
   11356 (15), 11356 (15), 11357 (20), 11358 (10), 11360 (4), 11361 (8), 11362 (1), 11363 (2)
   11364 (4), 11364 (4), 11365 (19), 11366 (3), 11367 (9), 11368 (62), 11369 (20), 11370 (14)
   11372 (24), 11372 (24), 11373 (36), 11374 (25), 11375 (25), 11377 (32), 11378 (25), 11379 (15)
   11385 (69), 11385 (69), 11411 (10), 11412 (12), 11413 (13), 11414 (7), 11415 (3), 11416 (16)
   11417 (20), 11417 (20), 11418 (6), 11419 (15), 11420 (26), 11421 (21), 11422 (9), 11423 (13)
   11426 (7), 11426 (7), 11427 (9), 11428 (6), 11429 (12), 11432 (29), 11433 (10), 11434 (19)
   11435 (28), 11435 (28), 11436 (9), 11691 (24), 11692 (7), 11693 (2), 11694 (6)
