Comparison between:
  Old: d:/byzip/newyork/2020-12-23/data-by-modzcta.csv
  New: d:/byzip/newyork/2020-12-24/data-by-modzcta.csv
Headers are the same

Zip codes not changed: 10004, 10005, 10069, 10282

Zip codes with changes: 10001 (7), 10002 (49), 10003 (6), 10006 (2), 10007 (3), 10009 (15), 10010 (13)
   10011 (15), 10011 (15), 10012 (6), 10013 (12), 10014 (7), 10016 (14), 10017 (8), 10018 (1)
   10019 (14), 10019 (14), 10021 (13), 10022 (14), 10023 (14), 10024 (15), 10025 (15), 10026 (6)
   10027 (22), 10027 (22), 10028 (10), 10029 (22), 10030 (11), 10031 (13), 10032 (32), 10033 (29)
   10034 (18), 10034 (18), 10035 (16), 10036 (5), 10037 (3), 10038 (7), 10039 (7), 10040 (21)
   10044 (1), 10044 (1), 10065 (10), 10075 (19), 10128 (16), 10280 (2), 10301 (21), 10302 (19)
   10303 (18), 10303 (18), 10304 (45), 10305 (37), 10306 (51), 10307 (11), 10308 (30), 10309 (23)
   10310 (26), 10310 (26), 10312 (48), 10314 (78), 10451 (18), 10452 (45), 10453 (33), 10454 (13)
   10455 (10), 10455 (10), 10456 (28), 10457 (24), 10458 (27), 10459 (20), 10460 (24), 10461 (20)
   10462 (33), 10462 (33), 10463 (31), 10464 (2), 10465 (16), 10466 (23), 10467 (44), 10468 (36)
   10469 (26), 10469 (26), 10470 (8), 10471 (8), 10472 (27), 10473 (21), 10474 (5), 10475 (7)
   11004 (8), 11004 (8), 11101 (12), 11102 (14), 11103 (12), 11104 (12), 11105 (14), 11106 (13)
   11109 (3), 11109 (3), 11201 (17), 11203 (33), 11204 (-2), 11205 (10), 11206 (29), 11207 (33)
   11208 (46), 11208 (46), 11209 (43), 11210 (19), 11211 (43), 11212 (29), 11213 (17), 11214 (62)
   11215 (18), 11215 (18), 11216 (12), 11217 (7), 11218 (9), 11219 (39), 11220 (69), 11221 (33)
   11222 (9), 11222 (9), 11223 (73), 11224 (24), 11225 (13), 11226 (18), 11228 (38), 11229 (61)
   11230 (40), 11230 (40), 11231 (15), 11232 (21), 11233 (18), 11234 (36), 11235 (64), 11236 (38)
   11237 (20), 11237 (20), 11238 (16), 11239 (15), 11354 (18), 11355 (44), 11356 (8), 11357 (18)
   11358 (11), 11358 (11), 11360 (6), 11361 (13), 11362 (3), 11363 (2), 11364 (10), 11365 (15)
   11366 (14), 11366 (14), 11367 (18), 11368 (65), 11369 (24), 11370 (12), 11372 (37), 11373 (60)
   11374 (22), 11374 (22), 11375 (34), 11377 (73), 11378 (15), 11379 (20), 11385 (46), 11411 (7)
   11412 (9), 11412 (9), 11413 (12), 11414 (24), 11415 (9), 11416 (27), 11417 (25), 11418 (23)
   11419 (43), 11419 (43), 11420 (30), 11421 (26), 11422 (9), 11423 (5), 11426 (5), 11427 (9)
   11428 (4), 11428 (4), 11429 (12), 11432 (38), 11433 (13), 11434 (19), 11435 (26), 11436 (13)
   11691 (44), 11691 (44), 11692 (3), 11693 (4), 11694 (19), 11697 (9)
