Comparison between:
  Old: d:/byzip/newyork/2020-12-03/data-by-modzcta.csv
  New: d:/byzip/newyork/2020-12-04/data-by-modzcta.csv
Headers are the same

Zip codes not changed: 10004, 10005, 10282

Zip codes with changes: 10001 (5), 10002 (12), 10003 (4), 10006 (1), 10007 (3), 10009 (8), 10010 (9)
   10011 (14), 10011 (14), 10012 (8), 10013 (14), 10014 (6), 10016 (17), 10017 (1), 10018 (4)
   10019 (8), 10019 (8), 10021 (14), 10022 (11), 10023 (9), 10024 (8), 10025 (17), 10026 (6)
   10027 (20), 10027 (20), 10028 (6), 10029 (36), 10030 (9), 10031 (26), 10032 (25), 10033 (23)
   10034 (17), 10034 (17), 10035 (9), 10036 (1), 10037 (7), 10038 (3), 10039 (1), 10040 (29), 10044 (2)
   10065 (5), 10065 (5), 10069 (3), 10075 (6), 10128 (12), 10280 (4), 10301 (40), 10302 (18), 10303 (16)
   10304 (24), 10304 (24), 10305 (39), 10306 (73), 10307 (8), 10308 (24), 10309 (25), 10310 (18)
   10312 (63), 10312 (63), 10314 (66), 10451 (14), 10452 (39), 10453 (31), 10454 (23), 10455 (11)
   10456 (21), 10456 (21), 10457 (27), 10458 (26), 10459 (14), 10460 (15), 10461 (21), 10462 (31)
   10463 (23), 10463 (23), 10464 (7), 10465 (23), 10466 (18), 10467 (44), 10468 (23), 10469 (22)
   10470 (13), 10470 (13), 10471 (11), 10472 (9), 10473 (19), 10474 (1), 10475 (13), 11004 (6)
   11101 (13), 11101 (13), 11102 (13), 11103 (9), 11104 (11), 11105 (5), 11106 (13), 11109 (1)
   11201 (12), 11201 (12), 11203 (12), 11204 (32), 11205 (9), 11206 (17), 11207 (27), 11208 (37)
   11209 (23), 11209 (23), 11210 (25), 11211 (19), 11212 (21), 11213 (15), 11214 (27), 11215 (13)
   11216 (7), 11216 (7), 11217 (7), 11218 (27), 11219 (16), 11220 (25), 11221 (21), 11222 (7)
   11223 (68), 11223 (68), 11224 (1), 11225 (7), 11226 (17), 11228 (23), 11229 (51), 11230 (38)
   11231 (5), 11231 (5), 11232 (62), 11233 (19), 11234 (31), 11235 (27), 11236 (13), 11237 (22)
   11238 (8), 11238 (8), 11239 (9), 11354 (20), 11355 (26), 11356 (5), 11357 (14), 11358 (12)
   11360 (7), 11360 (7), 11361 (7), 11362 (3), 11363 (2), 11364 (2), 11365 (11), 11366 (1), 11367 (9)
   11368 (24), 11368 (24), 11369 (17), 11370 (5), 11372 (23), 11373 (33), 11374 (4), 11375 (16)
   11377 (19), 11377 (19), 11378 (14), 11379 (2), 11385 (25), 11411 (7), 11412 (12), 11413 (16)
   11414 (12), 11414 (12), 11415 (5), 11416 (12), 11417 (15), 11418 (22), 11419 (23), 11420 (24)
   11421 (17), 11421 (17), 11422 (5), 11423 (11), 11426 (12), 11427 (7), 11428 (10), 11429 (13)
   11432 (8), 11432 (8), 11433 (11), 11434 (19), 11435 (11), 11436 (13), 11691 (19), 11692 (8)
   11693 (4), 11693 (4), 11694 (19), 11697 (6)
