Comparison between:
  Old: d:/byzip/newyork/2020-11-26/data-by-modzcta.csv
  New: d:/byzip/newyork/2020-11-27/data-by-modzcta.csv
Headers are the same

Zip codes not changed: 10004, 10017, 10280, 10282, 11109, 11363

Zip codes with changes: 10001 (8), 10002 (13), 10003 (16), 10005 (1), 10006 (3), 10007 (4), 10009 (11)
   10010 (1), 10010 (1), 10011 (7), 10012 (11), 10013 (5), 10014 (5), 10016 (18), 10018 (5), 10019 (7)
   10021 (15), 10021 (15), 10022 (9), 10023 (14), 10024 (14), 10025 (11), 10026 (4), 10027 (4)
   10028 (11), 10028 (11), 10029 (21), 10030 (3), 10031 (11), 10032 (11), 10033 (16), 10034 (19)
   10035 (6), 10035 (6), 10036 (7), 10037 (1), 10038 (8), 10039 (1), 10040 (12), 10044 (3), 10065 (2)
   10069 (1), 10069 (1), 10075 (6), 10128 (4), 10301 (18), 10302 (9), 10303 (7), 10304 (20), 10305 (25)
   10306 (16), 10306 (16), 10307 (2), 10308 (9), 10309 (7), 10310 (8), 10312 (21), 10314 (36)
   10451 (10), 10451 (10), 10452 (13), 10453 (15), 10454 (17), 10455 (17), 10456 (17), 10457 (23)
   10458 (22), 10458 (22), 10459 (5), 10460 (8), 10461 (14), 10462 (11), 10463 (15), 10464 (1)
   10465 (13), 10465 (13), 10466 (9), 10467 (23), 10468 (26), 10469 (14), 10470 (1), 10471 (3)
   10472 (15), 10472 (15), 10473 (10), 10474 (4), 10475 (1), 11004 (5), 11101 (6), 11102 (8)
   11103 (2), 11103 (2), 11104 (4), 11105 (4), 11106 (13), 11201 (15), 11203 (8), 11204 (19), 11205 (13)
   11206 (19), 11206 (19), 11207 (19), 11208 (38), 11209 (18), 11210 (19), 11211 (21), 11212 (6)
   11213 (10), 11213 (10), 11214 (19), 11215 (20), 11216 (11), 11217 (10), 11218 (14), 11219 (14)
   11220 (16), 11220 (16), 11221 (19), 11222 (5), 11223 (28), 11224 (15), 11225 (6), 11226 (12)
   11228 (13), 11228 (13), 11229 (26), 11230 (35), 11231 (7), 11232 (3), 11233 (12), 11234 (33)
   11235 (22), 11235 (22), 11236 (9), 11237 (8), 11238 (12), 11239 (1), 11354 (6), 11355 (20)
   11356 (9), 11356 (9), 11357 (5), 11358 (6), 11360 (2), 11361 (3), 11362 (1), 11364 (8), 11365 (12)
   11366 (5), 11366 (5), 11367 (6), 11368 (30), 11369 (9), 11370 (6), 11372 (13), 11373 (23), 11374 (9)
   11375 (10), 11375 (10), 11377 (23), 11378 (6), 11379 (4), 11385 (23), 11411 (3), 11412 (6)
   11413 (3), 11413 (3), 11414 (9), 11415 (7), 11416 (5), 11417 (8), 11418 (11), 11419 (5), 11420 (21)
   11421 (18), 11421 (18), 11422 (6), 11423 (5), 11426 (1), 11427 (5), 11428 (3), 11429 (6), 11432 (19)
   11433 (6), 11433 (6), 11434 (13), 11435 (15), 11436 (3), 11691 (14), 11692 (1), 11693 (2)
   11694 (9), 11694 (9), 11697 (9)
