Comparison between:
  Old: d:/byzip/newyork/2020-11-21/data-by-modzcta.csv
  New: d:/byzip/newyork/2020-11-22/data-by-modzcta.csv
Headers are the same

Zip codes not changed: 10004, 10005, 10044, 10065, 10069, 10474, 11004, 11411

Zip codes with changes: 10001 (6), 10002 (10), 10003 (16), 10006 (1), 10007 (2), 10009 (11), 10010 (8)
   10011 (8), 10011 (8), 10012 (8), 10013 (6), 10014 (6), 10016 (11), 10017 (3), 10018 (7), 10019 (4)
   10021 (2), 10021 (2), 10022 (4), 10023 (5), 10024 (13), 10025 (19), 10026 (4), 10027 (6), 10028 (8)
   10029 (9), 10029 (9), 10030 (3), 10031 (8), 10032 (6), 10033 (9), 10034 (10), 10035 (5), 10036 (4)
   10037 (1), 10037 (1), 10038 (3), 10039 (3), 10040 (4), 10075 (1), 10128 (4), 10280 (1), 10282 (3)
   10301 (7), 10301 (7), 10302 (2), 10303 (5), 10304 (14), 10305 (13), 10306 (25), 10307 (12)
   10308 (14), 10308 (14), 10309 (10), 10310 (6), 10312 (26), 10314 (26), 10451 (10), 10452 (24)
   10453 (16), 10453 (16), 10454 (4), 10455 (10), 10456 (18), 10457 (16), 10458 (12), 10459 (8)
   10460 (5), 10460 (5), 10461 (10), 10462 (18), 10463 (14), 10464 (1), 10465 (6), 10466 (6)
   10467 (7), 10467 (7), 10468 (12), 10469 (9), 10470 (2), 10471 (4), 10472 (6), 10473 (18), 10475 (3)
   11101 (4), 11101 (4), 11102 (7), 11103 (10), 11104 (1), 11105 (5), 11106 (5), 11109 (3), 11201 (9)
   11203 (9), 11203 (9), 11204 (10), 11205 (5), 11206 (21), 11207 (12), 11208 (14), 11209 (11)
   11210 (12), 11210 (12), 11211 (13), 11212 (9), 11213 (6), 11214 (11), 11215 (10), 11216 (4)
   11217 (4), 11217 (4), 11218 (20), 11219 (16), 11220 (17), 11221 (16), 11222 (1), 11223 (12)
   11224 (6), 11224 (6), 11225 (5), 11226 (21), 11228 (16), 11229 (11), 11230 (16), 11231 (6)
   11232 (6), 11232 (6), 11233 (9), 11234 (16), 11235 (14), 11236 (9), 11237 (4), 11238 (6), 11239 (1)
   11354 (5), 11354 (5), 11355 (9), 11356 (3), 11357 (8), 11358 (6), 11360 (1), 11361 (3), 11362 (1)
   11363 (1), 11363 (1), 11364 (2), 11365 (3), 11366 (4), 11367 (6), 11368 (18), 11369 (5), 11370 (7)
   11372 (13), 11372 (13), 11373 (24), 11374 (11), 11375 (13), 11377 (16), 11378 (13), 11379 (8)
   11385 (10), 11385 (10), 11412 (5), 11413 (5), 11414 (6), 11415 (3), 11416 (9), 11417 (3), 11418 (8)
   11419 (2), 11419 (2), 11420 (6), 11421 (15), 11422 (5), 11423 (3), 11426 (2), 11427 (5), 11428 (1)
   11429 (1), 11429 (1), 11432 (15), 11433 (7), 11434 (8), 11435 (11), 11436 (4), 11691 (8), 11692 (3)
   11693 (2), 11693 (2), 11694 (7), 11697 (2)
