Comparison between:
  Old: d:/byzip/newyork/2020-09-21/data-by-modzcta.csv
  New: d:/byzip/newyork/2020-09-22/data-by-modzcta.csv
Headers are the same

Zip codes not changed: 10003, 10005, 10006, 10013, 10014, 10019, 10021, 10024, 10025, 10026
   10028, 10028, 10030, 10032, 10034, 10035, 10036, 10037, 10038, 10039, 10044, 10069, 10280
   10282, 10282, 10307, 10309, 10454, 10474, 11105, 11109, 11216, 11219, 11221, 11224, 11238
   11354, 11354, 11358, 11360, 11361, 11364, 11411, 11412, 11419, 11421, 11422, 11427, 11429
   11436, 11436, 11693, 11694, 11697

Zip codes with changes: 10001 (1), 10002 (3), 10004 (1), 10007 (1), 10009 (2), 10010 (1), 10011 (2)
   10012 (3), 10012 (3), 10016 (2), 10017 (-1), 10018 (-3), 10022 (2), 10023 (2), 10027 (2), 10029 (2)
   10031 (4), 10031 (4), 10033 (3), 10040 (3), 10065 (3), 10075 (1), 10128 (2), 10301 (1), 10302 (1)
   10303 (2), 10303 (2), 10304 (1), 10305 (3), 10306 (1), 10308 (1), 10310 (1), 10312 (5), 10314 (5)
   10451 (4), 10451 (4), 10452 (3), 10453 (5), 10455 (1), 10456 (1), 10457 (-1), 10458 (4), 10459 (4)
   10460 (1), 10460 (1), 10461 (1), 10462 (3), 10463 (2), 10464 (1), 10465 (1), 10466 (4), 10467 (8)
   10468 (2), 10468 (2), 10469 (2), 10470 (2), 10471 (1), 10472 (3), 10473 (2), 10475 (1), 11004 (3)
   11101 (2), 11101 (2), 11102 (1), 11103 (2), 11104 (1), 11106 (2), 11201 (4), 11203 (1), 11204 (4)
   11205 (1), 11205 (1), 11206 (2), 11207 (2), 11208 (1), 11209 (3), 11210 (5), 11211 (2), 11212 (3)
   11213 (1), 11213 (1), 11214 (3), 11215 (3), 11217 (-1), 11218 (-3), 11220 (-1), 11222 (2)
   11223 (19), 11223 (19), 11225 (3), 11226 (4), 11228 (1), 11229 (-7), 11230 (15), 11231 (1)
   11232 (1), 11232 (1), 11233 (2), 11234 (7), 11235 (3), 11236 (4), 11237 (3), 11239 (-1), 11355 (2)
   11356 (3), 11356 (3), 11357 (2), 11362 (1), 11363 (1), 11365 (1), 11366 (1), 11367 (2), 11368 (1)
   11369 (4), 11369 (4), 11370 (1), 11372 (2), 11373 (4), 11374 (2), 11375 (3), 11377 (1), 11378 (1)
   11379 (5), 11379 (5), 11385 (1), 11413 (1), 11414 (4), 11415 (4), 11416 (1), 11417 (4), 11418 (1)
   11420 (1), 11420 (1), 11423 (1), 11426 (2), 11428 (1), 11432 (3), 11433 (1), 11434 (1), 11435 (1)
   11691 (9), 11691 (9), 11692 (1)
