Comparison between:
  Old: d:/byzip/newyork/2021-01-26/data-by-modzcta.csv
  New: d:/byzip/newyork/2021-01-27/data-by-modzcta.csv
Headers are the same

Zip codes not changed: 10004, 10282, 10464, 10474, 11363

Zip codes with changes: 10001 (9), 10002 (29), 10003 (10), 10005 (2), 10006 (2), 10007 (3), 10009 (17)
   10010 (9), 10010 (9), 10011 (9), 10012 (7), 10013 (7), 10014 (4), 10016 (14), 10017 (3), 10018 (5)
   10019 (6), 10019 (6), 10021 (5), 10022 (7), 10023 (15), 10024 (10), 10025 (21), 10026 (8)
   10027 (20), 10027 (20), 10028 (21), 10029 (22), 10030 (7), 10031 (17), 10032 (27), 10033 (25)
   10034 (24), 10034 (24), 10035 (9), 10036 (8), 10037 (3), 10038 (10), 10039 (1), 10040 (22)
   10044 (2), 10044 (2), 10065 (9), 10069 (2), 10075 (2), 10128 (11), 10280 (4), 10301 (13), 10302 (8)
   10303 (11), 10303 (11), 10304 (6), 10305 (17), 10306 (27), 10307 (6), 10308 (13), 10309 (29)
   10310 (5), 10310 (5), 10312 (37), 10314 (46), 10451 (15), 10452 (17), 10453 (27), 10454 (10)
   10455 (12), 10455 (12), 10456 (24), 10457 (11), 10458 (44), 10459 (11), 10460 (12), 10461 (27)
   10462 (23), 10462 (23), 10463 (37), 10465 (19), 10466 (19), 10467 (49), 10468 (40), 10469 (24)
   10470 (12), 10470 (12), 10471 (6), 10472 (32), 10473 (23), 10475 (7), 11004 (8), 11101 (11)
   11102 (6), 11102 (6), 11103 (14), 11104 (3), 11105 (13), 11106 (9), 11109 (4), 11201 (12), 11203 (34)
   11204 (34), 11204 (34), 11205 (8), 11206 (33), 11207 (36), 11208 (56), 11209 (27), 11210 (13)
   11211 (30), 11211 (30), 11212 (35), 11213 (20), 11214 (37), 11215 (11), 11216 (13), 11217 (2)
   11218 (31), 11218 (31), 11219 (30), 11220 (45), 11221 (22), 11222 (5), 11223 (35), 11224 (31)
   11225 (15), 11225 (15), 11226 (31), 11228 (22), 11229 (50), 11230 (52), 11231 (10), 11232 (11)
   11233 (12), 11233 (12), 11234 (39), 11235 (53), 11236 (32), 11237 (16), 11238 (15), 11239 (3)
   11354 (14), 11354 (14), 11355 (34), 11356 (11), 11357 (20), 11358 (10), 11360 (8), 11361 (14)
   11362 (1), 11362 (1), 11364 (14), 11365 (12), 11366 (1), 11367 (16), 11368 (7), 11369 (12)
   11370 (6), 11370 (6), 11372 (17), 11373 (36), 11374 (26), 11375 (21), 11377 (44), 11378 (8)
   11379 (15), 11379 (15), 11385 (31), 11411 (4), 11412 (17), 11413 (9), 11414 (20), 11415 (6)
   11416 (19), 11416 (19), 11417 (16), 11418 (13), 11419 (36), 11420 (33), 11421 (22), 11422 (7)
   11423 (15), 11423 (15), 11426 (20), 11427 (7), 11428 (13), 11429 (12), 11432 (31), 11433 (10)
   11434 (21), 11434 (21), 11435 (21), 11436 (9), 11691 (20), 11692 (19), 11693 (2), 11694 (6)
   11697 (1), 11697 (1)
