Comparison between:
  Old: d:/byzip/newyork/2020-09-15/data-by-modzcta.csv
  New: d:/byzip/newyork/2020-09-16/data-by-modzcta.csv
Headers are the same

Zip codes not changed: 10001, 10003, 10004, 10006, 10010, 10013, 10017, 10023, 10026, 10033
   10034, 10034, 10037, 10038, 10039, 10044, 10069, 10075, 10280, 10282, 10301, 10303, 10308
   10454, 10454, 10464, 10469, 10470, 10471, 11004, 11101, 11102, 11104, 11109, 11209, 11214
   11217, 11217, 11221, 11224, 11232, 11239, 11354, 11355, 11356, 11357, 11362, 11363, 11364
   11366, 11366, 11368, 11370, 11378, 11379, 11411, 11412, 11413, 11415, 11416, 11417, 11421
   11422, 11422, 11423, 11427, 11433, 11434, 11436, 11692

Zip codes with changes: 10002 (4), 10005 (1), 10007 (1), 10009 (4), 10011 (3), 10012 (2), 10014 (3)
   10016 (1), 10016 (1), 10018 (-1), 10019 (1), 10021 (2), 10022 (3), 10024 (1), 10025 (2), 10027 (3)
   10028 (5), 10028 (5), 10029 (1), 10030 (1), 10031 (3), 10032 (2), 10035 (1), 10036 (1), 10040 (3)
   10065 (2), 10065 (2), 10128 (5), 10302 (1), 10304 (1), 10305 (1), 10306 (1), 10307 (1), 10309 (1)
   10310 (2), 10310 (2), 10312 (1), 10314 (2), 10451 (1), 10452 (5), 10453 (5), 10455 (2), 10456 (2)
   10457 (-1), 10457 (-1), 10458 (1), 10459 (3), 10460 (1), 10461 (2), 10462 (3), 10463 (6), 10465 (1)
   10466 (4), 10466 (4), 10467 (2), 10468 (3), 10472 (5), 10473 (4), 10474 (-5), 10475 (1), 11103 (2)
   11105 (1), 11105 (1), 11106 (1), 11201 (-1), 11203 (4), 11204 (6), 11205 (2), 11206 (5), 11207 (2)
   11208 (2), 11208 (2), 11210 (3), 11211 (7), 11212 (1), 11213 (3), 11215 (2), 11216 (3), 11218 (8)
   11219 (2), 11219 (2), 11220 (2), 11222 (1), 11223 (5), 11225 (1), 11226 (4), 11228 (2), 11229 (7)
   11230 (3), 11230 (3), 11231 (1), 11233 (1), 11234 (1), 11235 (2), 11236 (1), 11237 (1), 11238 (2)
   11358 (1), 11358 (1), 11360 (1), 11361 (1), 11365 (2), 11367 (3), 11369 (2), 11372 (2), 11373 (1)
   11374 (2), 11374 (2), 11375 (2), 11377 (6), 11385 (2), 11414 (2), 11418 (1), 11419 (-1), 11420 (1)
   11426 (2), 11426 (2), 11428 (1), 11429 (1), 11432 (2), 11435 (2), 11691 (17), 11693 (1), 11694 (1)
   11697 (1), 11697 (1)
