Comparison between:
  Old: d:/byzip/newyork/2020-09-25/data-by-modzcta.csv
  New: d:/byzip/newyork/2020-09-26/data-by-modzcta.csv
Headers are the same

Zip codes not changed: 10001, 10002, 10004, 10006, 10007, 10011, 10012, 10017, 10018, 10022
   10027, 10027, 10028, 10029, 10030, 10031, 10035, 10037, 10044, 10069, 10280, 10282, 10303
   10307, 10307, 10310, 10453, 10454, 10459, 10464, 10470, 11104, 11106, 11109, 11217, 11222
   11231, 11231, 11232, 11239, 11356, 11357, 11360, 11361, 11362, 11363, 11385, 11412, 11415
   11416, 11416, 11417, 11420, 11421, 11426, 11427, 11428, 11436, 11692, 11693, 11697

Zip codes with changes: 10003 (2), 10005 (1), 10009 (2), 10010 (2), 10013 (1), 10014 (1), 10016 (3)
   10019 (2), 10019 (2), 10021 (1), 10023 (1), 10024 (2), 10025 (4), 10026 (3), 10032 (1), 10033 (2)
   10034 (2), 10034 (2), 10036 (4), 10038 (2), 10039 (2), 10040 (1), 10065 (2), 10075 (4), 10128 (1)
   10301 (2), 10301 (2), 10302 (1), 10304 (2), 10305 (4), 10306 (1), 10308 (4), 10309 (1), 10312 (3)
   10314 (8), 10314 (8), 10451 (1), 10452 (12), 10455 (3), 10456 (5), 10457 (3), 10458 (5), 10460 (4)
   10461 (3), 10461 (3), 10462 (2), 10463 (7), 10465 (1), 10466 (2), 10467 (4), 10468 (8), 10469 (2)
   10471 (1), 10471 (1), 10472 (2), 10473 (4), 10474 (-1), 10475 (2), 11004 (1), 11101 (1), 11102 (2)
   11103 (1), 11103 (1), 11105 (1), 11201 (1), 11203 (4), 11204 (18), 11205 (2), 11206 (7), 11207 (4)
   11208 (1), 11208 (1), 11209 (4), 11210 (18), 11211 (9), 11212 (3), 11213 (7), 11214 (1), 11215 (1)
   11216 (3), 11216 (3), 11218 (2), 11219 (4), 11220 (2), 11221 (1), 11223 (16), 11224 (2), 11225 (1)
   11226 (1), 11226 (1), 11228 (2), 11229 (9), 11230 (23), 11233 (3), 11234 (5), 11235 (15), 11236 (3)
   11237 (4), 11237 (4), 11238 (5), 11354 (1), 11355 (3), 11358 (2), 11364 (2), 11365 (1), 11366 (1)
   11367 (3), 11367 (3), 11368 (3), 11369 (3), 11370 (2), 11372 (5), 11373 (2), 11374 (2), 11375 (2)
   11377 (5), 11377 (5), 11378 (1), 11379 (1), 11411 (2), 11413 (1), 11414 (2), 11418 (3), 11419 (2)
   11422 (1), 11422 (1), 11423 (3), 11429 (1), 11432 (3), 11433 (3), 11434 (2), 11435 (2), 11691 (12)
   11694 (1), 11694 (1)
