Comparison between:
  Old: d:/byzip/newyork/2020-11-28/data-by-modzcta.csv
  New: d:/byzip/newyork/2020-11-29/data-by-modzcta.csv
Headers are the same

Zip codes not changed: 10005, 10006, 10035, 10282, 11109, 11239, 11361, 11363, 11436

Zip codes with changes: 10001 (5), 10002 (6), 10003 (6), 10004 (1), 10007 (7), 10009 (5), 10010 (2)
   10011 (7), 10011 (7), 10012 (2), 10013 (3), 10014 (3), 10016 (6), 10017 (1), 10018 (12), 10019 (1)
   10021 (10), 10021 (10), 10022 (4), 10023 (13), 10024 (8), 10025 (17), 10026 (7), 10027 (13)
   10028 (5), 10028 (5), 10029 (10), 10030 (6), 10031 (9), 10032 (6), 10033 (7), 10034 (7), 10036 (6)
   10037 (2), 10037 (2), 10038 (5), 10039 (7), 10040 (8), 10044 (1), 10065 (3), 10069 (1), 10075 (3)
   10128 (8), 10128 (8), 10280 (1), 10301 (10), 10302 (8), 10303 (11), 10304 (14), 10305 (13)
   10306 (25), 10306 (25), 10307 (8), 10308 (15), 10309 (14), 10310 (12), 10312 (27), 10314 (27)
   10451 (7), 10451 (7), 10452 (20), 10453 (22), 10454 (3), 10455 (7), 10456 (27), 10457 (10)
   10458 (8), 10458 (8), 10459 (7), 10460 (5), 10461 (8), 10462 (8), 10463 (16), 10464 (2), 10465 (9)
   10466 (10), 10466 (10), 10467 (28), 10468 (14), 10469 (8), 10470 (10), 10471 (3), 10472 (15)
   10473 (11), 10473 (11), 10474 (1), 10475 (3), 11004 (2), 11101 (6), 11102 (2), 11103 (4), 11104 (6)
   11105 (6), 11105 (6), 11106 (6), 11201 (6), 11203 (-1), 11204 (12), 11205 (3), 11206 (14), 11207 (13)
   11208 (21), 11208 (21), 11209 (5), 11210 (7), 11211 (11), 11212 (5), 11213 (5), 11214 (4)
   11215 (6), 11215 (6), 11216 (6), 11217 (9), 11218 (9), 11219 (10), 11220 (4), 11221 (11), 11222 (4)
   11223 (35), 11223 (35), 11224 (6), 11225 (6), 11226 (5), 11228 (1), 11229 (14), 11230 (29)
   11231 (3), 11231 (3), 11232 (3), 11233 (4), 11234 (10), 11235 (10), 11236 (10), 11237 (3)
   11238 (5), 11238 (5), 11354 (11), 11355 (12), 11356 (1), 11357 (4), 11358 (9), 11360 (1), 11362 (1)
   11364 (1), 11364 (1), 11365 (2), 11366 (2), 11367 (2), 11368 (11), 11369 (3), 11370 (4), 11372 (5)
   11373 (8), 11373 (8), 11374 (8), 11375 (13), 11377 (14), 11378 (6), 11379 (3), 11385 (16), 11411 (2)
   11412 (7), 11412 (7), 11413 (5), 11414 (7), 11415 (2), 11416 (3), 11417 (7), 11418 (5), 11419 (2)
   11420 (6), 11420 (6), 11421 (9), 11422 (4), 11423 (8), 11426 (3), 11427 (3), 11428 (6), 11429 (4)
   11432 (9), 11432 (9), 11433 (7), 11434 (5), 11435 (6), 11691 (3), 11692 (3), 11693 (3), 11694 (2)
   11697 (3), 11697 (3)
