Comparison between:
  Old: d:/byzip/newyork/2020-10-25/data-by-modzcta.csv
  New: d:/byzip/newyork/2020-10-26/data-by-modzcta.csv
Headers are the same

Zip codes not changed: 10004, 10005, 10006, 10007, 10010, 10013, 10017, 10019, 10039, 10040
   10069, 10069, 10075, 10280, 10282, 10306, 10309, 10464, 10466, 10470, 10471, 10474, 10475
   11004, 11004, 11102, 11103, 11104, 11105, 11109, 11210, 11215, 11217, 11238, 11239, 11358
   11360, 11360, 11362, 11363, 11365, 11366, 11370, 11375, 11414, 11416, 11418, 11419, 11422
   11423, 11423, 11426, 11427, 11428, 11429, 11434, 11436, 11692, 11693, 11694

Zip codes with changes: 10001 (1), 10002 (10), 10003 (2), 10009 (1), 10011 (2), 10012 (4), 10014 (2)
   10016 (1), 10016 (1), 10018 (52), 10021 (2), 10022 (1), 10023 (1), 10024 (2), 10025 (2), 10026 (1)
   10027 (1), 10027 (1), 10028 (1), 10029 (3), 10030 (2), 10031 (2), 10032 (2), 10033 (7), 10034 (3)
   10035 (1), 10035 (1), 10036 (1), 10037 (2), 10038 (1), 10044 (1), 10065 (3), 10128 (1), 10301 (2)
   10302 (1), 10302 (1), 10303 (5), 10304 (7), 10305 (10), 10307 (1), 10308 (1), 10310 (2), 10312 (5)
   10314 (8), 10314 (8), 10451 (4), 10452 (4), 10453 (5), 10454 (2), 10455 (4), 10456 (2), 10457 (3)
   10458 (7), 10458 (7), 10459 (1), 10460 (3), 10461 (1), 10462 (5), 10463 (3), 10465 (1), 10467 (7)
   10468 (4), 10468 (4), 10469 (3), 10472 (2), 10473 (7), 11101 (2), 11106 (1), 11201 (3), 11203 (2)
   11204 (2), 11204 (2), 11205 (3), 11206 (5), 11207 (4), 11208 (4), 11209 (3), 11211 (7), 11212 (2)
   11213 (4), 11213 (4), 11214 (11), 11216 (1), 11218 (4), 11219 (9), 11220 (5), 11221 (2), 11222 (1)
   11223 (3), 11223 (3), 11224 (1), 11225 (2), 11226 (3), 11228 (5), 11229 (4), 11230 (6), 11231 (2)
   11232 (5), 11232 (5), 11233 (2), 11234 (5), 11235 (13), 11236 (1), 11237 (3), 11354 (3), 11355 (1)
   11356 (-1), 11356 (-1), 11357 (1), 11361 (1), 11364 (3), 11367 (4), 11368 (3), 11369 (3), 11372 (3)
   11373 (5), 11373 (5), 11374 (1), 11377 (1), 11378 (1), 11379 (1), 11385 (6), 11411 (1), 11412 (2)
   11413 (1), 11413 (1), 11415 (1), 11417 (2), 11420 (4), 11421 (2), 11432 (3), 11433 (2), 11435 (6)
   11691 (1), 11691 (1), 11697 (1)
