Comparison between:
  Old: d:/byzip/newyork/2020-11-18/data-by-modzcta.csv
  New: d:/byzip/newyork/2020-11-19/data-by-modzcta.csv
Headers are the same

Zip codes not changed: 10005, 10469, 10471, 11109, 11231, 11232, 11356

Zip codes with changes: 10001 (4), 10002 (8), 10003 (9), 10004 (3), 10006 (1), 10007 (3), 10009 (13)
   10010 (8), 10010 (8), 10011 (11), 10012 (1), 10013 (5), 10014 (9), 10016 (13), 10017 (5), 10018 (4)
   10019 (5), 10019 (5), 10021 (1), 10022 (8), 10023 (9), 10024 (10), 10025 (15), 10026 (7), 10027 (5)
   10028 (3), 10028 (3), 10029 (13), 10030 (2), 10031 (9), 10032 (19), 10033 (18), 10034 (10)
   10035 (1), 10035 (1), 10036 (4), 10037 (7), 10038 (3), 10039 (3), 10040 (17), 10044 (1), 10065 (1)
   10069 (3), 10069 (3), 10075 (3), 10128 (7), 10280 (1), 10282 (1), 10301 (8), 10302 (1), 10303 (4)
   10304 (16), 10304 (16), 10305 (13), 10306 (37), 10307 (3), 10308 (18), 10309 (12), 10310 (7)
   10312 (10), 10312 (10), 10314 (19), 10451 (7), 10452 (17), 10453 (19), 10454 (9), 10455 (6)
   10456 (18), 10456 (18), 10457 (5), 10458 (14), 10459 (14), 10460 (8), 10461 (15), 10462 (11)
   10463 (18), 10463 (18), 10464 (2), 10465 (10), 10466 (13), 10467 (15), 10468 (18), 10470 (2)
   10472 (10), 10472 (10), 10473 (10), 10474 (5), 10475 (5), 11004 (2), 11101 (7), 11102 (7)
   11103 (2), 11103 (2), 11104 (12), 11105 (7), 11106 (1), 11201 (10), 11203 (10), 11204 (13)
   11205 (5), 11205 (5), 11206 (11), 11207 (17), 11208 (18), 11209 (8), 11210 (10), 11211 (21)
   11212 (13), 11212 (13), 11213 (10), 11214 (18), 11215 (7), 11216 (11), 11217 (4), 11218 (12)
   11219 (14), 11219 (14), 11220 (15), 11221 (8), 11222 (3), 11223 (10), 11224 (7), 11225 (12)
   11226 (7), 11226 (7), 11228 (15), 11229 (23), 11230 (35), 11233 (4), 11234 (15), 11235 (16)
   11236 (2), 11236 (2), 11237 (5), 11238 (6), 11239 (2), 11354 (6), 11355 (9), 11357 (5), 11358 (2)
   11360 (2), 11360 (2), 11361 (4), 11362 (1), 11363 (1), 11364 (6), 11365 (4), 11366 (2), 11367 (12)
   11368 (26), 11368 (26), 11369 (10), 11370 (7), 11372 (11), 11373 (17), 11374 (10), 11375 (10)
   11377 (17), 11377 (17), 11378 (5), 11379 (11), 11385 (15), 11411 (5), 11412 (7), 11413 (6)
   11414 (7), 11414 (7), 11415 (4), 11416 (11), 11417 (4), 11418 (14), 11419 (5), 11420 (7), 11421 (14)
   11422 (4), 11422 (4), 11423 (4), 11426 (7), 11427 (4), 11428 (3), 11429 (2), 11432 (14), 11433 (10)
   11434 (7), 11434 (7), 11435 (6), 11436 (2), 11691 (10), 11692 (2), 11693 (4), 11694 (1), 11697 (5)
   
