Comparison between:
  Old: d:/byzip/newyork/2020-11-02/data-by-modzcta.csv
  New: d:/byzip/newyork/2020-11-03/data-by-modzcta.csv
Headers are the same

Zip codes not changed: 10001, 10002, 10005, 10009, 10022, 10039, 10069, 10280, 10282, 10307
   10464, 10464, 10474, 11109, 11362, 11363, 11366, 11426, 11697

Zip codes with changes: 10003 (1), 10004 (2), 10006 (1), 10007 (1), 10010 (2), 10011 (3), 10012 (7)
   10013 (3), 10013 (3), 10014 (4), 10016 (3), 10017 (3), 10018 (1), 10019 (1), 10021 (2), 10023 (3)
   10024 (3), 10024 (3), 10025 (7), 10026 (3), 10027 (7), 10028 (1), 10029 (4), 10030 (1), 10031 (8)
   10032 (9), 10032 (9), 10033 (8), 10034 (9), 10035 (4), 10036 (4), 10037 (1), 10038 (4), 10040 (2)
   10044 (1), 10044 (1), 10065 (1), 10075 (2), 10128 (6), 10301 (7), 10302 (4), 10303 (3), 10304 (4)
   10305 (3), 10305 (3), 10306 (8), 10308 (1), 10309 (3), 10310 (3), 10312 (12), 10314 (16), 10451 (2)
   10452 (12), 10452 (12), 10453 (5), 10454 (3), 10455 (3), 10456 (6), 10457 (5), 10458 (11), 10459 (6)
   10460 (2), 10460 (2), 10461 (3), 10462 (9), 10463 (3), 10465 (3), 10466 (7), 10467 (12), 10468 (9)
   10469 (6), 10469 (6), 10470 (2), 10471 (1), 10472 (5), 10473 (10), 10475 (2), 11004 (2), 11101 (4)
   11102 (4), 11102 (4), 11103 (1), 11104 (3), 11105 (6), 11106 (5), 11201 (6), 11203 (-1), 11204 (12)
   11205 (2), 11205 (2), 11206 (4), 11207 (5), 11208 (8), 11209 (3), 11210 (5), 11211 (8), 11212 (1)
   11213 (13), 11213 (13), 11214 (12), 11215 (5), 11216 (3), 11217 (3), 11218 (5), 11219 (15)
   11220 (4), 11220 (4), 11221 (2), 11222 (1), 11223 (12), 11224 (5), 11225 (1), 11226 (5), 11228 (2)
   11229 (8), 11229 (8), 11230 (20), 11231 (1), 11232 (5), 11233 (8), 11234 (10), 11235 (8), 11236 (4)
   11237 (6), 11237 (6), 11238 (3), 11239 (1), 11354 (4), 11355 (5), 11356 (5), 11357 (3), 11358 (4)
   11360 (1), 11360 (1), 11361 (1), 11364 (4), 11365 (1), 11367 (8), 11368 (8), 11369 (9), 11370 (1)
   11372 (7), 11372 (7), 11373 (6), 11374 (5), 11375 (11), 11377 (4), 11378 (2), 11379 (2), 11385 (10)
   11411 (1), 11411 (1), 11412 (2), 11413 (8), 11414 (3), 11415 (3), 11416 (1), 11417 (1), 11418 (4)
   11419 (2), 11419 (2), 11420 (5), 11421 (-1), 11422 (1), 11423 (4), 11427 (4), 11428 (3), 11429 (3)
   11432 (3), 11432 (3), 11433 (1), 11434 (7), 11435 (5), 11436 (1), 11691 (10), 11692 (1), 11693 (1)
   11694 (1), 11694 (1)
