Comparison between:
  Old: d:/byzip/newyork/2020-10-21/data-by-modzcta.csv
  New: d:/byzip/newyork/2020-10-22/data-by-modzcta.csv
Headers are the same

Zip codes not changed: 10004, 10006, 10011, 10018, 10023, 10035, 10036, 10037, 10039, 10040
   10044, 10044, 10069, 10280, 10282, 10302, 10303, 10464, 10475, 11105, 11109, 11232, 11360
   11361, 11361, 11362, 11363, 11367, 11411, 11413, 11426, 11693, 11694

Zip codes with changes: 10001 (1), 10002 (3), 10003 (1), 10005 (-1), 10007 (1), 10009 (2), 10010 (4)
   10012 (1), 10012 (1), 10013 (-1), 10014 (5), 10016 (6), 10017 (1), 10019 (3), 10021 (2), 10022 (3)
   10024 (1), 10024 (1), 10025 (3), 10026 (2), 10027 (2), 10028 (-1), 10029 (8), 10030 (4), 10031 (3)
   10032 (5), 10032 (5), 10033 (2), 10034 (4), 10038 (1), 10065 (1), 10075 (-1), 10128 (2), 10301 (1)
   10304 (1), 10304 (1), 10305 (1), 10306 (6), 10307 (3), 10308 (4), 10309 (2), 10310 (-2), 10312 (2)
   10314 (3), 10314 (3), 10451 (2), 10452 (6), 10453 (13), 10454 (3), 10455 (4), 10456 (4), 10457 (2)
   10458 (3), 10458 (3), 10459 (3), 10460 (3), 10461 (3), 10462 (4), 10463 (3), 10465 (3), 10466 (4)
   10467 (4), 10467 (4), 10468 (9), 10469 (3), 10470 (1), 10471 (2), 10472 (4), 10473 (5), 10474 (-2)
   11004 (3), 11004 (3), 11101 (-1), 11102 (2), 11103 (1), 11104 (2), 11106 (2), 11201 (3), 11203 (3)
   11204 (9), 11204 (9), 11205 (3), 11206 (2), 11207 (2), 11208 (11), 11209 (8), 11210 (5), 11211 (11)
   11212 (2), 11212 (2), 11213 (3), 11214 (4), 11215 (2), 11216 (3), 11217 (3), 11218 (1), 11219 (5)
   11220 (6), 11220 (6), 11221 (7), 11222 (3), 11223 (8), 11224 (-2), 11225 (2), 11226 (3), 11228 (2)
   11229 (6), 11229 (6), 11230 (15), 11231 (2), 11233 (3), 11234 (3), 11235 (5), 11236 (4), 11237 (2)
   11238 (3), 11238 (3), 11239 (-1), 11354 (2), 11355 (1), 11356 (1), 11357 (2), 11358 (1), 11364 (2)
   11365 (-1), 11365 (-1), 11366 (3), 11368 (9), 11369 (4), 11370 (2), 11372 (1), 11373 (2), 11374 (4)
   11375 (2), 11375 (2), 11377 (6), 11378 (3), 11379 (1), 11385 (10), 11412 (6), 11414 (4), 11415 (3)
   11416 (2), 11416 (2), 11417 (-1), 11418 (3), 11419 (5), 11420 (-1), 11421 (2), 11422 (1), 11423 (3)
   11427 (-3), 11427 (-3), 11428 (5), 11429 (2), 11432 (5), 11433 (-1), 11434 (4), 11435 (3)
   11436 (-1), 11436 (-1), 11691 (9), 11692 (1), 11697 (1)
