Comparison between:
  Old: d:/byzip/newyork/2021-03-16/data-by-modzcta.csv
  New: d:/byzip/newyork/2021-03-17/data-by-modzcta.csv
Headers are the same

Zip codes not changed: 10001, 10006, 10019, 10069, 10075, 10280, 10282, 11004, 11211, 11217
   11697, 11697

Zip codes with changes: 10002 (29), 10003 (7), 10004 (1), 10005 (2), 10007 (8), 10009 (16), 10010 (14)
   10011 (9), 10011 (9), 10012 (1), 10013 (3), 10014 (5), 10016 (7), 10017 (1), 10018 (3), 10021 (5)
   10022 (2), 10022 (2), 10023 (13), 10024 (7), 10025 (27), 10026 (13), 10027 (9), 10028 (2)
   10029 (15), 10029 (15), 10030 (6), 10031 (11), 10032 (15), 10033 (26), 10034 (11), 10035 (13)
   10036 (6), 10036 (6), 10037 (10), 10038 (4), 10039 (17), 10040 (10), 10044 (1), 10065 (5)
   10128 (5), 10128 (5), 10301 (12), 10302 (3), 10303 (4), 10304 (9), 10305 (15), 10306 (26), 10307 (6)
   10308 (8), 10308 (8), 10309 (10), 10310 (4), 10312 (30), 10314 (30), 10451 (12), 10452 (41)
   10453 (21), 10453 (21), 10454 (12), 10455 (11), 10456 (21), 10457 (16), 10458 (21), 10459 (10)
   10460 (16), 10460 (16), 10461 (5), 10462 (29), 10463 (18), 10464 (1), 10465 (7), 10466 (27)
   10467 (23), 10467 (23), 10468 (33), 10469 (16), 10470 (1), 10471 (4), 10472 (19), 10473 (17)
   10474 (1), 10474 (1), 10475 (7), 11101 (12), 11102 (10), 11103 (19), 11104 (13), 11105 (13)
   11106 (16), 11106 (16), 11109 (1), 11201 (12), 11203 (17), 11204 (16), 11205 (9), 11206 (22)
   11207 (30), 11207 (30), 11208 (25), 11209 (20), 11210 (15), 11212 (16), 11213 (13), 11214 (25)
   11215 (4), 11215 (4), 11216 (10), 11218 (25), 11219 (36), 11220 (39), 11221 (19), 11222 (9)
   11223 (30), 11223 (30), 11224 (9), 11225 (8), 11226 (20), 11228 (11), 11229 (25), 11230 (33)
   11231 (6), 11231 (6), 11232 (11), 11233 (12), 11234 (14), 11235 (21), 11236 (21), 11237 (13)
   11238 (10), 11238 (10), 11239 (6), 11354 (21), 11355 (32), 11356 (6), 11357 (10), 11358 (8)
   11360 (3), 11360 (3), 11361 (4), 11362 (3), 11363 (1), 11364 (6), 11365 (7), 11366 (1), 11367 (18)
   11368 (42), 11368 (42), 11369 (13), 11370 (8), 11372 (31), 11373 (35), 11374 (13), 11375 (19)
   11377 (31), 11377 (31), 11378 (5), 11379 (5), 11385 (24), 11411 (6), 11412 (14), 11413 (8)
   11414 (11), 11414 (11), 11415 (1), 11416 (13), 11417 (6), 11418 (13), 11419 (17), 11420 (12)
   11421 (9), 11421 (9), 11422 (16), 11423 (1), 11426 (1), 11427 (3), 11428 (5), 11429 (4), 11432 (17)
   11433 (9), 11433 (9), 11434 (12), 11435 (25), 11436 (6), 11691 (19), 11692 (4), 11693 (4)
   11694 (6), 11694 (6)
