Comparison between:
  Old: d:/byzip/newyork/2021-02-01/data-by-modzcta.csv
  New: d:/byzip/newyork/2021-02-02/data-by-modzcta.csv
Headers are the same

Zip codes not changed: 10006, 10044

Zip codes with changes: 10001 (4), 10002 (22), 10003 (7), 10004 (1), 10005 (5), 10007 (1), 10009 (17)
   10010 (3), 10010 (3), 10011 (7), 10012 (4), 10013 (4), 10014 (5), 10016 (6), 10017 (2), 10018 (10)
   10019 (5), 10019 (5), 10021 (7), 10022 (12), 10023 (7), 10024 (8), 10025 (29), 10026 (22), 10027 (17)
   10028 (7), 10028 (7), 10029 (31), 10030 (7), 10031 (25), 10032 (14), 10033 (17), 10034 (22)
   10035 (6), 10035 (6), 10036 (5), 10037 (5), 10038 (6), 10039 (13), 10040 (18), 10065 (6), 10069 (1)
   10075 (7), 10075 (7), 10128 (11), 10280 (1), 10282 (2), 10301 (14), 10302 (7), 10303 (9), 10304 (14)
   10305 (21), 10305 (21), 10306 (17), 10307 (6), 10308 (17), 10309 (7), 10310 (6), 10312 (18)
   10314 (50), 10314 (50), 10451 (23), 10452 (31), 10453 (37), 10454 (22), 10455 (24), 10456 (43)
   10457 (29), 10457 (29), 10458 (43), 10459 (21), 10460 (22), 10461 (19), 10462 (22), 10463 (24)
   10464 (1), 10464 (1), 10465 (12), 10466 (32), 10467 (43), 10468 (36), 10469 (28), 10470 (9)
   10471 (5), 10471 (5), 10472 (26), 10473 (29), 10474 (7), 10475 (7), 11004 (3), 11101 (7), 11102 (12)
   11103 (10), 11103 (10), 11104 (8), 11105 (8), 11106 (10), 11109 (1), 11201 (15), 11203 (27)
   11204 (21), 11204 (21), 11205 (6), 11206 (33), 11207 (45), 11208 (37), 11209 (24), 11210 (14)
   11211 (23), 11211 (23), 11212 (28), 11213 (19), 11214 (34), 11215 (3), 11216 (10), 11217 (10)
   11218 (32), 11218 (32), 11219 (36), 11220 (36), 11221 (28), 11222 (15), 11223 (49), 11224 (22)
   11225 (21), 11225 (21), 11226 (37), 11228 (18), 11229 (41), 11230 (40), 11231 (12), 11232 (11)
   11233 (33), 11233 (33), 11234 (28), 11235 (42), 11236 (26), 11237 (12), 11238 (15), 11239 (4)
   11354 (15), 11354 (15), 11355 (60), 11356 (12), 11357 (16), 11358 (13), 11360 (3), 11361 (10)
   11362 (4), 11362 (4), 11363 (1), 11364 (9), 11365 (20), 11366 (2), 11367 (14), 11368 (35), 11369 (18)
   11370 (5), 11370 (5), 11372 (25), 11373 (43), 11374 (20), 11375 (16), 11377 (33), 11378 (27)
   11379 (19), 11379 (19), 11385 (42), 11411 (8), 11412 (19), 11413 (14), 11414 (7), 11415 (8)
   11416 (14), 11416 (14), 11417 (16), 11418 (18), 11419 (33), 11420 (21), 11421 (22), 11422 (13)
   11423 (16), 11423 (16), 11426 (6), 11427 (10), 11428 (6), 11429 (10), 11432 (27), 11433 (28)
   11434 (28), 11434 (28), 11435 (20), 11436 (4), 11691 (29), 11692 (6), 11693 (7), 11694 (5)
   11697 (1), 11697 (1)
