Comparison between:
  Old: d:/byzip/newyork/2020-10-09/data-by-modzcta.csv
  New: d:/byzip/newyork/2020-10-10/data-by-modzcta.csv
Headers are the same

Zip codes not changed: 10006, 10018, 10030, 10036, 10037, 10044, 10065, 10069, 10075, 10280
   10282, 10282, 10454, 10466, 10469, 11109, 11225, 11231, 11366, 11435, 11694, 11697

Zip codes with changes: 10001 (2), 10002 (4), 10003 (4), 10004 (1), 10005 (1), 10007 (1), 10009 (4)
   10010 (1), 10010 (1), 10011 (1), 10012 (4), 10013 (2), 10014 (1), 10016 (5), 10017 (1), 10019 (1)
   10021 (2), 10021 (2), 10022 (1), 10023 (4), 10024 (1), 10025 (8), 10026 (3), 10027 (5), 10028 (-1)
   10029 (1), 10029 (1), 10031 (9), 10032 (2), 10033 (5), 10034 (8), 10035 (5), 10038 (5), 10039 (1)
   10040 (4), 10040 (4), 10128 (2), 10301 (2), 10302 (4), 10303 (4), 10304 (4), 10305 (11), 10306 (18)
   10307 (4), 10307 (4), 10308 (7), 10309 (3), 10310 (5), 10312 (8), 10314 (16), 10451 (1), 10452 (5)
   10453 (9), 10453 (9), 10455 (4), 10456 (4), 10457 (4), 10458 (3), 10459 (1), 10460 (4), 10461 (1)
   10462 (5), 10462 (5), 10463 (2), 10464 (1), 10465 (8), 10467 (4), 10468 (3), 10470 (1), 10471 (2)
   10472 (7), 10472 (7), 10473 (4), 10474 (1), 10475 (6), 11004 (1), 11101 (3), 11102 (5), 11103 (3)
   11104 (3), 11104 (3), 11105 (4), 11106 (2), 11201 (-1), 11203 (3), 11204 (15), 11205 (1), 11206 (6)
   11207 (7), 11207 (7), 11208 (8), 11209 (5), 11210 (20), 11211 (6), 11212 (2), 11213 (3), 11214 (4)
   11215 (3), 11215 (3), 11216 (2), 11217 (2), 11218 (9), 11219 (12), 11220 (4), 11221 (4), 11222 (3)
   11223 (9), 11223 (9), 11224 (10), 11226 (7), 11228 (1), 11229 (5), 11230 (20), 11232 (2), 11233 (5)
   11234 (13), 11234 (13), 11235 (9), 11236 (6), 11237 (6), 11238 (4), 11239 (2), 11354 (2), 11355 (1)
   11356 (4), 11356 (4), 11357 (2), 11358 (1), 11360 (2), 11361 (3), 11362 (1), 11363 (1), 11364 (6)
   11365 (1), 11365 (1), 11367 (5), 11368 (7), 11369 (2), 11370 (9), 11372 (7), 11373 (13), 11374 (6)
   11375 (5), 11375 (5), 11377 (4), 11378 (4), 11379 (3), 11385 (8), 11411 (2), 11412 (2), 11413 (5)
   11414 (3), 11414 (3), 11415 (2), 11416 (4), 11417 (2), 11418 (1), 11419 (4), 11420 (4), 11421 (3)
   11422 (2), 11422 (2), 11423 (1), 11426 (1), 11427 (2), 11428 (3), 11429 (1), 11432 (12), 11433 (4)
   11434 (7), 11434 (7), 11436 (1), 11691 (4), 11692 (3), 11693 (1)
