Comparison between:
  Old: d:/byzip/newyork/2021-01-03/data-by-modzcta.csv
  New: d:/byzip/newyork/2021-01-04/data-by-modzcta.csv
Headers are the same

Zip codes not changed: 10004, 10006, 10007, 10044, 10069, 10282, 11104, 11109

Zip codes with changes: 10001 (1), 10002 (31), 10003 (9), 10005 (2), 10009 (15), 10010 (5), 10011 (3)
   10012 (2), 10012 (2), 10013 (6), 10014 (2), 10016 (18), 10017 (2), 10018 (4), 10019 (10), 10021 (12)
   10022 (4), 10022 (4), 10023 (13), 10024 (16), 10025 (9), 10026 (8), 10027 (4), 10028 (6), 10029 (22)
   10030 (10), 10030 (10), 10031 (12), 10032 (12), 10033 (9), 10034 (9), 10035 (11), 10036 (3)
   10037 (3), 10037 (3), 10038 (3), 10039 (6), 10040 (7), 10065 (4), 10075 (6), 10128 (12), 10280 (1)
   10301 (22), 10301 (22), 10302 (9), 10303 (8), 10304 (13), 10305 (28), 10306 (37), 10307 (7)
   10308 (19), 10308 (19), 10309 (31), 10310 (15), 10312 (42), 10314 (55), 10451 (18), 10452 (24)
   10453 (26), 10453 (26), 10454 (12), 10455 (13), 10456 (25), 10457 (15), 10458 (22), 10459 (19)
   10460 (16), 10460 (16), 10461 (22), 10462 (35), 10463 (40), 10464 (2), 10465 (28), 10466 (26)
   10467 (33), 10467 (33), 10468 (19), 10469 (20), 10470 (2), 10471 (7), 10472 (19), 10473 (41)
   10474 (4), 10474 (4), 10475 (3), 11004 (12), 11101 (9), 11102 (13), 11103 (11), 11105 (11)
   11106 (10), 11106 (10), 11201 (12), 11203 (18), 11204 (28), 11205 (16), 11206 (21), 11207 (24)
   11208 (16), 11208 (16), 11209 (24), 11210 (28), 11211 (17), 11212 (32), 11213 (16), 11214 (37)
   11215 (16), 11215 (16), 11216 (10), 11217 (6), 11218 (27), 11219 (36), 11220 (50), 11221 (22)
   11222 (10), 11222 (10), 11223 (39), 11224 (9), 11225 (15), 11226 (22), 11228 (23), 11229 (31)
   11230 (39), 11230 (39), 11231 (11), 11232 (12), 11233 (10), 11234 (24), 11235 (27), 11236 (23)
   11237 (7), 11237 (7), 11238 (11), 11239 (2), 11354 (29), 11355 (54), 11356 (7), 11357 (20)
   11358 (15), 11358 (15), 11360 (4), 11361 (7), 11362 (4), 11363 (2), 11364 (14), 11365 (14)
   11366 (5), 11366 (5), 11367 (10), 11368 (46), 11369 (18), 11370 (10), 11372 (15), 11373 (50)
   11374 (18), 11374 (18), 11375 (25), 11377 (50), 11378 (11), 11379 (11), 11385 (62), 11411 (6)
   11412 (10), 11412 (10), 11413 (6), 11414 (16), 11415 (6), 11416 (12), 11417 (9), 11418 (11)
   11419 (19), 11419 (19), 11420 (23), 11421 (16), 11422 (17), 11423 (13), 11426 (9), 11427 (7)
   11428 (14), 11428 (14), 11429 (7), 11432 (27), 11433 (12), 11434 (15), 11435 (12), 11436 (2)
   11691 (37), 11691 (37), 11692 (7), 11693 (3), 11694 (13), 11697 (1)
