Comparison between:
  Old: d:/byzip/newyork/2020-12-24/data-by-modzcta.csv
  New: d:/byzip/newyork/2020-12-25/data-by-modzcta.csv
Headers are the same

Zip codes not changed: 10018

Zip codes with changes: 10001 (12), 10002 (27), 10003 (10), 10004 (1), 10005 (2), 10006 (1)
   10007 (5), 10007 (5), 10009 (20), 10010 (9), 10011 (15), 10012 (7), 10013 (10), 10014 (6)
   10016 (19), 10016 (19), 10017 (3), 10019 (13), 10021 (16), 10022 (9), 10023 (11), 10024 (16)
   10025 (24), 10025 (24), 10026 (14), 10027 (15), 10028 (18), 10029 (33), 10030 (7), 10031 (21)
   10032 (23), 10032 (23), 10033 (19), 10034 (19), 10035 (15), 10036 (7), 10037 (9), 10038 (6)
   10039 (10), 10039 (10), 10040 (16), 10044 (4), 10065 (9), 10069 (1), 10075 (7), 10128 (18)
   10280 (2), 10280 (2), 10282 (3), 10301 (30), 10302 (14), 10303 (13), 10304 (25), 10305 (22)
   10306 (60), 10306 (60), 10307 (11), 10308 (26), 10309 (33), 10310 (9), 10312 (44), 10314 (61)
   10451 (21), 10451 (21), 10452 (33), 10453 (48), 10454 (21), 10455 (18), 10456 (22), 10457 (29)
   10458 (44), 10458 (44), 10459 (26), 10460 (29), 10461 (21), 10462 (42), 10463 (26), 10464 (5)
   10465 (27), 10465 (27), 10466 (18), 10467 (19), 10468 (31), 10469 (33), 10470 (10), 10471 (9)
   10472 (17), 10472 (17), 10473 (35), 10474 (10), 10475 (13), 11004 (6), 11101 (22), 11102 (8)
   11103 (12), 11103 (12), 11104 (10), 11105 (13), 11106 (15), 11109 (1), 11201 (15), 11203 (20)
   11204 (34), 11204 (34), 11205 (11), 11206 (25), 11207 (46), 11208 (62), 11209 (27), 11210 (27)
   11211 (37), 11211 (37), 11212 (14), 11213 (25), 11214 (34), 11215 (17), 11216 (10), 11217 (10)
   11218 (31), 11218 (31), 11219 (30), 11220 (58), 11221 (31), 11222 (14), 11223 (46), 11224 (27)
   11225 (20), 11225 (20), 11226 (32), 11228 (26), 11229 (51), 11230 (55), 11231 (6), 11232 (8)
   11233 (15), 11233 (15), 11234 (44), 11235 (70), 11236 (18), 11237 (14), 11238 (12), 11239 (3)
   11354 (14), 11354 (14), 11355 (44), 11356 (8), 11357 (21), 11358 (12), 11360 (8), 11361 (12)
   11362 (6), 11362 (6), 11363 (1), 11364 (10), 11365 (16), 11366 (8), 11367 (17), 11368 (40)
   11369 (8), 11369 (8), 11370 (14), 11372 (17), 11373 (28), 11374 (31), 11375 (24), 11377 (30)
   11378 (17), 11378 (17), 11379 (19), 11385 (41), 11411 (10), 11412 (10), 11413 (6), 11414 (24)
   11415 (4), 11415 (4), 11416 (19), 11417 (17), 11418 (18), 11419 (22), 11420 (21), 11421 (26)
   11422 (8), 11422 (8), 11423 (13), 11426 (11), 11427 (10), 11428 (8), 11429 (11), 11432 (30)
   11433 (10), 11433 (10), 11434 (29), 11435 (28), 11436 (6), 11691 (33), 11692 (10), 11693 (4)
   11694 (17), 11694 (17), 11697 (11)
