Comparison between:
  Old: d:/byzip/newyork/2020-11-30/data-by-modzcta.csv
  New: d:/byzip/newyork/2020-12-01/data-by-modzcta.csv
Headers are the same

Zip codes not changed: 10005, 10282, 11363

Zip codes with changes: 10001 (3), 10002 (14), 10003 (4), 10004 (1), 10006 (1), 10007 (1), 10009 (11)
   10010 (6), 10010 (6), 10011 (10), 10012 (2), 10013 (5), 10014 (1), 10016 (17), 10017 (3), 10018 (4)
   10019 (5), 10019 (5), 10021 (10), 10022 (9), 10023 (6), 10024 (15), 10025 (11), 10026 (14)
   10027 (20), 10027 (20), 10028 (8), 10029 (14), 10030 (17), 10031 (19), 10032 (34), 10033 (21)
   10034 (16), 10034 (16), 10035 (7), 10036 (5), 10037 (6), 10038 (2), 10039 (10), 10040 (10)
   10044 (3), 10044 (3), 10065 (7), 10069 (2), 10075 (3), 10128 (8), 10280 (1), 10301 (33), 10302 (11)
   10303 (11), 10303 (11), 10304 (21), 10305 (32), 10306 (47), 10307 (14), 10308 (17), 10309 (23)
   10310 (20), 10310 (20), 10312 (50), 10314 (34), 10451 (11), 10452 (21), 10453 (29), 10454 (13)
   10455 (11), 10455 (11), 10456 (23), 10457 (26), 10458 (17), 10459 (15), 10460 (16), 10461 (23)
   10462 (24), 10462 (24), 10463 (25), 10464 (2), 10465 (13), 10466 (17), 10467 (26), 10468 (30)
   10469 (18), 10469 (18), 10470 (4), 10471 (8), 10472 (17), 10473 (20), 10474 (3), 10475 (11)
   11004 (4), 11004 (4), 11101 (4), 11102 (6), 11103 (5), 11104 (10), 11105 (12), 11106 (8), 11109 (4)
   11201 (7), 11201 (7), 11203 (13), 11204 (16), 11205 (12), 11206 (14), 11207 (15), 11208 (26)
   11209 (20), 11209 (20), 11210 (9), 11211 (21), 11212 (12), 11213 (15), 11214 (18), 11215 (12)
   11216 (9), 11216 (9), 11217 (6), 11218 (18), 11219 (15), 11220 (19), 11221 (19), 11222 (6)
   11223 (28), 11223 (28), 11224 (10), 11225 (10), 11226 (15), 11228 (21), 11229 (16), 11230 (23)
   11231 (10), 11231 (10), 11232 (8), 11233 (7), 11234 (19), 11235 (23), 11236 (8), 11237 (14)
   11238 (6), 11238 (6), 11239 (2), 11354 (15), 11355 (18), 11356 (8), 11357 (8), 11358 (11), 11360 (2)
   11361 (5), 11361 (5), 11362 (7), 11364 (7), 11365 (8), 11366 (4), 11367 (5), 11368 (17), 11369 (23)
   11370 (9), 11370 (9), 11372 (24), 11373 (30), 11374 (7), 11375 (12), 11377 (26), 11378 (9)
   11379 (11), 11379 (11), 11385 (25), 11411 (1), 11412 (10), 11413 (7), 11414 (11), 11415 (8)
   11416 (7), 11416 (7), 11417 (10), 11418 (12), 11419 (9), 11420 (14), 11421 (12), 11422 (10)
   11423 (5), 11423 (5), 11426 (14), 11427 (6), 11428 (2), 11429 (5), 11432 (21), 11433 (9), 11434 (19)
   11435 (11), 11435 (11), 11436 (4), 11691 (13), 11692 (3), 11693 (6), 11694 (11), 11697 (5)
   
