Comparison between:
  Old: d:/byzip/newyork/2020-10-06/data-by-modzcta.csv
  New: d:/byzip/newyork/2020-10-07/data-by-modzcta.csv
Headers are the same

Zip codes not changed: 10004, 10006, 10007, 10010, 10013, 10017, 10022, 10027, 10036, 10037
   10040, 10040, 10044, 10069, 10075, 10280, 10282, 10454, 10461, 10464, 10474, 11004, 11102
   11103, 11103, 11104, 11105, 11222, 11232, 11239, 11356, 11360, 11363, 11366, 11412, 11422
   11429, 11429, 11434, 11693, 11697

Zip codes with changes: 10001 (2), 10002 (3), 10003 (3), 10005 (1), 10009 (5), 10011 (5), 10012 (2)
   10014 (1), 10014 (1), 10016 (2), 10018 (1), 10019 (2), 10021 (3), 10023 (1), 10024 (2), 10025 (6)
   10026 (1), 10026 (1), 10028 (1), 10029 (5), 10030 (3), 10031 (2), 10032 (2), 10033 (3), 10034 (1)
   10035 (1), 10035 (1), 10038 (1), 10039 (1), 10065 (2), 10128 (1), 10301 (3), 10302 (1), 10303 (4)
   10304 (2), 10304 (2), 10305 (2), 10306 (2), 10307 (2), 10308 (1), 10309 (3), 10310 (2), 10312 (5)
   10314 (5), 10314 (5), 10451 (3), 10452 (3), 10453 (6), 10455 (4), 10456 (5), 10457 (1), 10458 (3)
   10459 (4), 10459 (4), 10460 (6), 10462 (4), 10463 (6), 10465 (2), 10466 (4), 10467 (6), 10468 (1)
   10469 (2), 10469 (2), 10470 (2), 10471 (1), 10472 (4), 10473 (6), 10475 (3), 11101 (5), 11106 (4)
   11109 (1), 11109 (1), 11201 (1), 11203 (5), 11204 (11), 11205 (4), 11206 (9), 11207 (7), 11208 (7)
   11209 (3), 11209 (3), 11210 (6), 11211 (19), 11212 (4), 11213 (2), 11214 (4), 11215 (1), 11216 (4)
   11217 (3), 11217 (3), 11218 (6), 11219 (4), 11220 (8), 11221 (9), 11223 (21), 11224 (6), 11225 (4)
   11226 (5), 11226 (5), 11228 (2), 11229 (16), 11230 (22), 11231 (1), 11233 (1), 11234 (8), 11235 (12)
   11236 (7), 11236 (7), 11237 (6), 11238 (4), 11354 (4), 11355 (4), 11357 (2), 11358 (4), 11361 (2)
   11362 (3), 11362 (3), 11364 (3), 11365 (1), 11367 (3), 11368 (2), 11369 (1), 11370 (1), 11372 (6)
   11373 (6), 11373 (6), 11374 (1), 11375 (4), 11377 (4), 11378 (3), 11379 (1), 11385 (7), 11411 (2)
   11413 (6), 11413 (6), 11414 (5), 11415 (5), 11416 (3), 11417 (4), 11418 (2), 11419 (1), 11420 (3)
   11421 (1), 11421 (1), 11423 (2), 11426 (2), 11427 (1), 11428 (2), 11432 (11), 11433 (2), 11435 (10)
   11436 (1), 11436 (1), 11691 (15), 11692 (3), 11694 (1)
