Comparison between:
  Old: d:/byzip/newyork/2021-02-04/data-by-modzcta.csv
  New: d:/byzip/newyork/2021-02-05/data-by-modzcta.csv
Headers are the same

Zip codes not changed: 10004, 10005, 10006, 10014, 10044, 10464, 11693

Zip codes with changes: 10001 (6), 10002 (10), 10003 (10), 10007 (1), 10009 (16), 10010 (6)
   10011 (7), 10011 (7), 10012 (6), 10013 (7), 10016 (12), 10017 (4), 10018 (8), 10019 (7), 10021 (10)
   10022 (5), 10022 (5), 10023 (13), 10024 (20), 10025 (16), 10026 (8), 10027 (9), 10028 (6)
   10029 (31), 10029 (31), 10030 (7), 10031 (19), 10032 (10), 10033 (5), 10034 (5), 10035 (10)
   10036 (8), 10036 (8), 10037 (4), 10038 (2), 10039 (6), 10040 (25), 10065 (1), 10069 (3), 10075 (12)
   10128 (21), 10128 (21), 10280 (1), 10282 (2), 10301 (8), 10302 (6), 10303 (4), 10304 (7), 10305 (12)
   10306 (9), 10306 (9), 10307 (1), 10308 (10), 10309 (8), 10310 (8), 10312 (10), 10314 (26), 10451 (10)
   10452 (11), 10452 (11), 10453 (14), 10454 (10), 10455 (6), 10456 (17), 10457 (17), 10458 (17)
   10459 (22), 10459 (22), 10460 (18), 10461 (25), 10462 (31), 10463 (20), 10465 (27), 10466 (24)
   10467 (24), 10467 (24), 10468 (17), 10469 (13), 10470 (1), 10471 (6), 10472 (26), 10473 (16)
   10474 (4), 10474 (4), 10475 (9), 11004 (5), 11101 (12), 11102 (6), 11103 (18), 11104 (5), 11105 (3)
   11106 (16), 11106 (16), 11109 (-1), 11201 (9), 11203 (21), 11204 (24), 11205 (10), 11206 (36)
   11207 (22), 11207 (22), 11208 (27), 11209 (20), 11210 (14), 11211 (42), 11212 (17), 11213 (17)
   11214 (32), 11214 (32), 11215 (16), 11216 (15), 11217 (4), 11218 (20), 11219 (22), 11220 (22)
   11221 (19), 11221 (19), 11222 (5), 11223 (46), 11224 (36), 11225 (19), 11226 (29), 11228 (6)
   11229 (59), 11229 (59), 11230 (53), 11231 (6), 11232 (18), 11233 (16), 11234 (36), 11235 (66)
   11236 (13), 11236 (13), 11237 (18), 11238 (9), 11239 (6), 11354 (19), 11355 (30), 11356 (1)
   11357 (16), 11357 (16), 11358 (9), 11360 (6), 11361 (4), 11362 (1), 11363 (1), 11364 (3), 11365 (15)
   11366 (5), 11366 (5), 11367 (18), 11368 (20), 11369 (12), 11370 (14), 11372 (19), 11373 (23)
   11374 (20), 11374 (20), 11375 (22), 11377 (31), 11378 (13), 11379 (20), 11385 (36), 11411 (4)
   11412 (5), 11412 (5), 11413 (10), 11414 (10), 11415 (8), 11416 (12), 11417 (4), 11418 (17)
   11419 (18), 11419 (18), 11420 (17), 11421 (23), 11422 (4), 11423 (10), 11426 (5), 11427 (6)
   11428 (4), 11428 (4), 11429 (6), 11432 (25), 11433 (7), 11434 (13), 11435 (22), 11436 (2)
   11691 (23), 11691 (23), 11692 (3), 11694 (4), 11697 (4)
