Comparison between:
  Old: d:/byzip/newyork/2021-01-07/data-by-modzcta.csv
  New: d:/byzip/newyork/2021-01-08/data-by-modzcta.csv
Headers are the same

Zip codes not changed: 10006

Zip codes with changes: 10001 (16), 10002 (51), 10003 (20), 10004 (2), 10005 (5), 10007 (4)
   10009 (27), 10009 (27), 10010 (14), 10011 (19), 10012 (10), 10013 (9), 10014 (11), 10016 (18)
   10017 (4), 10017 (4), 10018 (7), 10019 (13), 10021 (24), 10022 (29), 10023 (35), 10024 (17)
   10025 (25), 10025 (25), 10026 (16), 10027 (29), 10028 (16), 10029 (45), 10030 (16), 10031 (21)
   10032 (33), 10032 (33), 10033 (44), 10034 (38), 10035 (14), 10036 (18), 10037 (12), 10038 (16)
   10039 (13), 10039 (13), 10040 (32), 10044 (5), 10065 (11), 10069 (1), 10075 (10), 10128 (12)
   10280 (5), 10280 (5), 10282 (5), 10301 (14), 10302 (22), 10303 (26), 10304 (43), 10305 (30)
   10306 (53), 10306 (53), 10307 (16), 10308 (21), 10309 (24), 10310 (16), 10312 (58), 10314 (66)
   10451 (20), 10451 (20), 10452 (48), 10453 (65), 10454 (22), 10455 (18), 10456 (47), 10457 (45)
   10458 (53), 10458 (53), 10459 (33), 10460 (35), 10461 (39), 10462 (53), 10463 (42), 10464 (2)
   10465 (56), 10465 (56), 10466 (34), 10467 (69), 10468 (59), 10469 (27), 10470 (15), 10471 (12)
   10472 (60), 10472 (60), 10473 (29), 10474 (9), 10475 (17), 11004 (10), 11101 (25), 11102 (18)
   11103 (24), 11103 (24), 11104 (7), 11105 (21), 11106 (24), 11109 (3), 11201 (14), 11203 (32)
   11204 (47), 11204 (47), 11205 (23), 11206 (47), 11207 (51), 11208 (56), 11209 (45), 11210 (23)
   11211 (38), 11211 (38), 11212 (53), 11213 (23), 11214 (84), 11215 (14), 11216 (23), 11217 (7)
   11218 (42), 11218 (42), 11219 (73), 11220 (121), 11221 (41), 11222 (12), 11223 (61), 11224 (50)
   11225 (24), 11225 (24), 11226 (32), 11228 (44), 11229 (62), 11230 (61), 11231 (9), 11232 (19)
   11233 (32), 11233 (32), 11234 (49), 11235 (89), 11236 (28), 11237 (38), 11238 (21), 11239 (7)
   11354 (25), 11354 (25), 11355 (40), 11356 (10), 11357 (26), 11358 (21), 11360 (17), 11361 (15)
   11362 (7), 11362 (7), 11363 (1), 11364 (12), 11365 (22), 11366 (12), 11367 (30), 11368 (113)
   11369 (21), 11369 (21), 11370 (12), 11372 (39), 11373 (75), 11374 (41), 11375 (49), 11377 (67)
   11378 (20), 11378 (20), 11379 (30), 11385 (72), 11411 (11), 11412 (21), 11413 (20), 11414 (9)
   11415 (17), 11415 (17), 11416 (26), 11417 (23), 11418 (29), 11419 (56), 11420 (45), 11421 (31)
   11422 (18), 11422 (18), 11423 (16), 11426 (10), 11427 (16), 11428 (4), 11429 (19), 11432 (30)
   11433 (8), 11433 (8), 11434 (36), 11435 (42), 11436 (11), 11691 (41), 11692 (9), 11693 (5)
   11694 (11), 11694 (11), 11697 (3)
