Comparison between:
  Old: d:/byzip/newyork/2020-11-13/data-by-modzcta.csv
  New: d:/byzip/newyork/2020-11-14/data-by-modzcta.csv
Headers are the same

Zip codes not changed: 10280, 10282, 10464, 10474, 11109, 11232, 11413, 11697

Zip codes with changes: 10001 (7), 10002 (15), 10003 (6), 10004 (1), 10005 (1), 10006 (1), 10007 (2)
   10009 (13), 10009 (13), 10010 (-1), 10011 (10), 10012 (3), 10013 (4), 10014 (4), 10016 (9)
   10017 (3), 10017 (3), 10018 (3), 10019 (5), 10021 (5), 10022 (3), 10023 (8), 10024 (2), 10025 (8)
   10026 (5), 10026 (5), 10027 (9), 10028 (4), 10029 (13), 10030 (4), 10031 (7), 10032 (8), 10033 (12)
   10034 (5), 10034 (5), 10035 (6), 10036 (5), 10037 (2), 10038 (1), 10039 (1), 10040 (9), 10044 (2)
   10065 (6), 10065 (6), 10069 (1), 10075 (5), 10128 (9), 10301 (11), 10302 (5), 10303 (5), 10304 (11)
   10305 (12), 10305 (12), 10306 (30), 10307 (5), 10308 (14), 10309 (7), 10310 (8), 10312 (13)
   10314 (27), 10314 (27), 10451 (4), 10452 (19), 10453 (16), 10454 (4), 10455 (7), 10456 (12)
   10457 (12), 10457 (12), 10458 (13), 10459 (10), 10460 (5), 10461 (7), 10462 (13), 10463 (9)
   10465 (7), 10465 (7), 10466 (8), 10467 (10), 10468 (16), 10469 (8), 10470 (2), 10471 (5), 10472 (8)
   10473 (10), 10473 (10), 10475 (9), 11004 (3), 11101 (4), 11102 (9), 11103 (7), 11104 (5), 11105 (7)
   11106 (8), 11106 (8), 11201 (5), 11203 (6), 11204 (15), 11205 (5), 11206 (6), 11207 (10), 11208 (19)
   11209 (8), 11209 (8), 11210 (7), 11211 (12), 11212 (9), 11213 (5), 11214 (12), 11215 (5), 11216 (7)
   11217 (4), 11217 (4), 11218 (13), 11219 (18), 11220 (9), 11221 (6), 11222 (3), 11223 (11), 11224 (7)
   11225 (6), 11225 (6), 11226 (11), 11228 (7), 11229 (18), 11230 (24), 11231 (1), 11233 (4)
   11234 (11), 11234 (11), 11235 (3), 11236 (9), 11237 (6), 11238 (7), 11239 (2), 11354 (1), 11355 (4)
   11356 (2), 11356 (2), 11357 (4), 11358 (5), 11360 (2), 11361 (2), 11362 (2), 11363 (1), 11364 (6)
   11365 (3), 11365 (3), 11366 (1), 11367 (5), 11368 (21), 11369 (7), 11370 (6), 11372 (6), 11373 (20)
   11374 (8), 11374 (8), 11375 (11), 11377 (22), 11378 (2), 11379 (4), 11385 (18), 11411 (4)
   11412 (5), 11412 (5), 11414 (1), 11415 (2), 11416 (6), 11417 (2), 11418 (13), 11419 (11), 11420 (4)
   11421 (1), 11421 (1), 11422 (2), 11423 (9), 11426 (6), 11427 (3), 11428 (4), 11429 (5), 11432 (12)
   11433 (2), 11433 (2), 11434 (3), 11435 (11), 11436 (1), 11691 (11), 11692 (2), 11693 (2), 11694 (5)
   
