Comparison between:
  Old: d:/byzip/newyork/2021-02-03/data-by-modzcta.csv
  New: d:/byzip/newyork/2021-02-04/data-by-modzcta.csv
Headers are the same

Zip codes not changed: 10004, 10005, 10006, 10065, 10280, 10282

Zip codes with changes: 10001 (4), 10002 (18), 10003 (2), 10007 (1), 10009 (7), 10010 (10), 10011 (9)
   10012 (4), 10012 (4), 10013 (13), 10014 (5), 10016 (7), 10017 (3), 10018 (2), 10019 (8), 10021 (6)
   10022 (2), 10022 (2), 10023 (11), 10024 (11), 10025 (24), 10026 (10), 10027 (15), 10028 (7)
   10029 (6), 10029 (6), 10030 (8), 10031 (10), 10032 (8), 10033 (14), 10034 (7), 10035 (5), 10036 (15)
   10037 (2), 10037 (2), 10038 (5), 10039 (6), 10040 (7), 10044 (2), 10069 (1), 10075 (8), 10128 (23)
   10301 (13), 10301 (13), 10302 (6), 10303 (5), 10304 (7), 10305 (12), 10306 (13), 10307 (1)
   10308 (8), 10308 (8), 10309 (6), 10310 (3), 10312 (12), 10314 (29), 10451 (19), 10452 (22)
   10453 (29), 10453 (29), 10454 (11), 10455 (14), 10456 (17), 10457 (28), 10458 (23), 10459 (10)
   10460 (27), 10460 (27), 10461 (20), 10462 (23), 10463 (19), 10464 (1), 10465 (18), 10466 (18)
   10467 (26), 10467 (26), 10468 (17), 10469 (16), 10470 (5), 10471 (8), 10472 (21), 10473 (8)
   10474 (1), 10474 (1), 10475 (11), 11004 (3), 11101 (12), 11102 (7), 11103 (11), 11104 (3)
   11105 (16), 11105 (16), 11106 (5), 11109 (2), 11201 (10), 11203 (16), 11204 (17), 11205 (12)
   11206 (21), 11206 (21), 11207 (24), 11208 (41), 11209 (10), 11210 (18), 11211 (31), 11212 (24)
   11213 (9), 11213 (9), 11214 (26), 11215 (3), 11216 (15), 11217 (12), 11218 (16), 11219 (18)
   11220 (14), 11220 (14), 11221 (12), 11222 (13), 11223 (22), 11224 (19), 11225 (10), 11226 (22)
   11228 (9), 11228 (9), 11229 (33), 11230 (59), 11231 (1), 11232 (3), 11233 (21), 11234 (24)
   11235 (36), 11235 (36), 11236 (14), 11237 (16), 11238 (6), 11239 (3), 11354 (14), 11355 (36)
   11356 (4), 11356 (4), 11357 (9), 11358 (9), 11360 (6), 11361 (4), 11362 (4), 11363 (1), 11364 (6)
   11365 (4), 11365 (4), 11366 (2), 11367 (5), 11368 (13), 11369 (15), 11370 (16), 11372 (23)
   11373 (18), 11373 (18), 11374 (12), 11375 (12), 11377 (18), 11378 (11), 11379 (20), 11385 (70)
   11411 (3), 11411 (3), 11412 (2), 11413 (4), 11414 (8), 11415 (2), 11416 (9), 11417 (10), 11418 (11)
   11419 (11), 11419 (11), 11420 (18), 11421 (20), 11422 (7), 11423 (13), 11426 (1), 11427 (4)
   11428 (5), 11428 (5), 11429 (5), 11432 (11), 11433 (7), 11434 (8), 11435 (13), 11436 (5), 11691 (15)
   11692 (4), 11692 (4), 11693 (1), 11694 (1), 11697 (1)
