Comparison between:
  Old: d:/byzip/newyork/2020-10-11/data-by-modzcta.csv
  New: d:/byzip/newyork/2020-10-12/data-by-modzcta.csv
Headers are the same

Zip codes not changed: 10001, 10004, 10005, 10006, 10007, 10009, 10013, 10017, 10022, 10028
   10033, 10033, 10036, 10039, 10065, 10069, 10075, 10280, 10282, 10455, 10464, 10466, 10469
   10470, 10470, 10474, 11101, 11103, 11104, 11109, 11207, 11212, 11217, 11221, 11225, 11226
   11231, 11231, 11236, 11238, 11239, 11354, 11362, 11364, 11369, 11370, 11378, 11411, 11416
   11417, 11417, 11422, 11423, 11427, 11428, 11433, 11692, 11693, 11697

Zip codes with changes: 10002 (2), 10003 (1), 10010 (1), 10011 (3), 10012 (2), 10014 (1), 10016 (2)
   10018 (2), 10018 (2), 10019 (2), 10021 (1), 10023 (2), 10024 (1), 10025 (4), 10026 (2), 10027 (1)
   10029 (6), 10029 (6), 10030 (1), 10031 (2), 10032 (1), 10034 (1), 10035 (1), 10037 (1), 10038 (1)
   10040 (4), 10040 (4), 10044 (1), 10128 (3), 10301 (3), 10302 (2), 10303 (2), 10304 (1), 10305 (4)
   10306 (2), 10306 (2), 10307 (1), 10308 (2), 10309 (2), 10310 (1), 10312 (3), 10314 (3), 10451 (4)
   10452 (4), 10452 (4), 10453 (2), 10454 (2), 10456 (3), 10457 (3), 10458 (5), 10459 (3), 10460 (2)
   10461 (2), 10461 (2), 10462 (3), 10463 (5), 10465 (2), 10467 (2), 10468 (3), 10471 (1), 10472 (2)
   10473 (2), 10473 (2), 10475 (1), 11004 (1), 11102 (1), 11105 (3), 11106 (1), 11201 (3), 11203 (2)
   11204 (16), 11204 (16), 11205 (1), 11206 (4), 11208 (7), 11209 (1), 11210 (3), 11211 (6), 11213 (1)
   11214 (5), 11214 (5), 11215 (3), 11216 (1), 11218 (7), 11219 (14), 11220 (2), 11222 (4), 11223 (8)
   11224 (5), 11224 (5), 11228 (4), 11229 (8), 11230 (8), 11232 (1), 11233 (1), 11234 (1), 11235 (7)
   11237 (4), 11237 (4), 11355 (3), 11356 (1), 11357 (1), 11358 (1), 11360 (1), 11361 (1), 11363 (1)
   11365 (2), 11365 (2), 11366 (2), 11367 (1), 11368 (4), 11372 (2), 11373 (8), 11374 (6), 11375 (4)
   11377 (5), 11377 (5), 11379 (2), 11385 (1), 11412 (1), 11413 (1), 11414 (2), 11415 (3), 11418 (2)
   11419 (5), 11419 (5), 11420 (2), 11421 (2), 11426 (1), 11429 (2), 11432 (5), 11434 (2), 11435 (8)
   11436 (1), 11436 (1), 11691 (7), 11694 (2)
