Comparison between:
  Old: d:/byzip/newyork/2021-03-09/data-by-modzcta.csv
  New: d:/byzip/newyork/2021-03-10/data-by-modzcta.csv
Headers are the same

Zip codes not changed: 10280, 10282, 11232, 11693

Zip codes with changes: 10001 (1), 10002 (21), 10003 (8), 10004 (1), 10005 (4), 10006 (1), 10007 (1)
   10009 (9), 10009 (9), 10010 (11), 10011 (4), 10012 (2), 10013 (2), 10014 (1), 10016 (7), 10017 (4)
   10018 (2), 10018 (2), 10019 (8), 10021 (4), 10022 (2), 10023 (14), 10024 (8), 10025 (14), 10026 (7)
   10027 (9), 10027 (9), 10028 (5), 10029 (17), 10030 (10), 10031 (24), 10032 (11), 10033 (12)
   10034 (6), 10034 (6), 10035 (10), 10036 (3), 10037 (3), 10038 (5), 10039 (1), 10040 (9), 10044 (2)
   10065 (1), 10065 (1), 10069 (2), 10075 (4), 10128 (10), 10301 (15), 10302 (3), 10303 (3), 10304 (15)
   10305 (16), 10305 (16), 10306 (25), 10307 (8), 10308 (8), 10309 (10), 10310 (10), 10312 (21)
   10314 (30), 10314 (30), 10451 (14), 10452 (24), 10453 (19), 10454 (9), 10455 (9), 10456 (24)
   10457 (25), 10457 (25), 10458 (28), 10459 (10), 10460 (12), 10461 (11), 10462 (23), 10463 (17)
   10464 (2), 10464 (2), 10465 (15), 10466 (4), 10467 (32), 10468 (25), 10469 (12), 10470 (1)
   10471 (2), 10471 (2), 10472 (15), 10473 (17), 10474 (2), 10475 (5), 11004 (1), 11101 (7), 11102 (10)
   11103 (5), 11103 (5), 11104 (2), 11105 (10), 11106 (5), 11109 (4), 11201 (7), 11203 (12), 11204 (18)
   11205 (9), 11205 (9), 11206 (28), 11207 (15), 11208 (23), 11209 (9), 11210 (20), 11211 (26)
   11212 (16), 11212 (16), 11213 (25), 11214 (28), 11215 (4), 11216 (6), 11217 (1), 11218 (26)
   11219 (25), 11219 (25), 11220 (29), 11221 (18), 11222 (5), 11223 (37), 11224 (18), 11225 (9)
   11226 (21), 11226 (21), 11228 (10), 11229 (39), 11230 (52), 11231 (3), 11233 (17), 11234 (19)
   11235 (35), 11235 (35), 11236 (4), 11237 (16), 11238 (5), 11239 (7), 11354 (14), 11355 (37)
   11356 (9), 11356 (9), 11357 (9), 11358 (11), 11360 (3), 11361 (5), 11362 (1), 11363 (2), 11364 (6)
   11365 (8), 11365 (8), 11366 (10), 11367 (10), 11368 (43), 11369 (3), 11370 (4), 11372 (28)
   11373 (27), 11373 (27), 11374 (17), 11375 (12), 11377 (23), 11378 (7), 11379 (8), 11385 (26)
   11411 (3), 11411 (3), 11412 (5), 11413 (7), 11414 (5), 11415 (5), 11416 (9), 11417 (17), 11418 (7)
   11419 (20), 11419 (20), 11420 (13), 11421 (20), 11422 (6), 11423 (8), 11426 (7), 11427 (8)
   11428 (6), 11428 (6), 11429 (7), 11432 (11), 11433 (7), 11434 (18), 11435 (12), 11436 (3)
   11691 (25), 11691 (25), 11692 (2), 11694 (2), 11697 (1)
