Comparison between:
  Old: d:/byzip/newyork/2021-03-06/data-by-modzcta.csv
  New: d:/byzip/newyork/2021-03-07/data-by-modzcta.csv
Headers are the same

Zip codes not changed: 10004, 10005, 10006, 10007, 10282, 10464, 11697

Zip codes with changes: 10001 (8), 10002 (34), 10003 (23), 10009 (19), 10010 (4), 10011 (14)
   10012 (2), 10012 (2), 10013 (8), 10014 (4), 10016 (14), 10017 (4), 10018 (1), 10019 (10), 10021 (9)
   10022 (3), 10022 (3), 10023 (8), 10024 (13), 10025 (20), 10026 (13), 10027 (27), 10028 (9)
   10029 (29), 10029 (29), 10030 (8), 10031 (26), 10032 (29), 10033 (18), 10034 (16), 10035 (10)
   10036 (8), 10036 (8), 10037 (8), 10038 (4), 10039 (8), 10040 (28), 10044 (1), 10065 (7), 10069 (3)
   10075 (7), 10075 (7), 10128 (20), 10280 (3), 10301 (16), 10302 (9), 10303 (13), 10304 (17)
   10305 (24), 10305 (24), 10306 (29), 10307 (10), 10308 (20), 10309 (24), 10310 (7), 10312 (45)
   10314 (53), 10314 (53), 10451 (24), 10452 (39), 10453 (41), 10454 (13), 10455 (19), 10456 (29)
   10457 (39), 10457 (39), 10458 (39), 10459 (23), 10460 (25), 10461 (17), 10462 (20), 10463 (34)
   10465 (16), 10465 (16), 10466 (22), 10467 (37), 10468 (34), 10469 (34), 10470 (6), 10471 (8)
   10472 (33), 10472 (33), 10473 (28), 10474 (9), 10475 (7), 11004 (3), 11101 (13), 11102 (11)
   11103 (11), 11103 (11), 11104 (3), 11105 (9), 11106 (6), 11109 (1), 11201 (21), 11203 (22)
   11204 (11), 11204 (11), 11205 (18), 11206 (27), 11207 (56), 11208 (47), 11209 (23), 11210 (15)
   11211 (41), 11211 (41), 11212 (53), 11213 (25), 11214 (33), 11215 (11), 11216 (20), 11217 (8)
   11218 (11), 11218 (11), 11219 (13), 11220 (28), 11221 (27), 11222 (13), 11223 (39), 11224 (22)
   11225 (20), 11225 (20), 11226 (24), 11228 (13), 11229 (42), 11230 (37), 11231 (4), 11232 (7)
   11233 (21), 11233 (21), 11234 (20), 11235 (40), 11236 (23), 11237 (18), 11238 (8), 11239 (5)
   11354 (21), 11354 (21), 11355 (32), 11356 (6), 11357 (15), 11358 (7), 11360 (8), 11361 (4)
   11362 (8), 11362 (8), 11363 (5), 11364 (6), 11365 (19), 11366 (2), 11367 (16), 11368 (33), 11369 (9)
   11370 (14), 11370 (14), 11372 (29), 11373 (37), 11374 (16), 11375 (21), 11377 (27), 11378 (10)
   11379 (13), 11379 (13), 11385 (27), 11411 (6), 11412 (11), 11413 (10), 11414 (10), 11415 (7)
   11416 (16), 11416 (16), 11417 (22), 11418 (10), 11419 (26), 11420 (19), 11421 (25), 11422 (14)
   11423 (6), 11423 (6), 11426 (4), 11427 (5), 11428 (10), 11429 (13), 11432 (18), 11433 (10)
   11434 (19), 11434 (19), 11435 (21), 11436 (7), 11691 (21), 11692 (4), 11693 (3), 11694 (7)
   
