Comparison between:
  Old: d:/byzip/newyork/2020-12-02/data-by-modzcta.csv
  New: d:/byzip/newyork/2020-12-03/data-by-modzcta.csv
Headers are the same

Zip codes not changed: 10004, 10044, 11363

Zip codes with changes: 10001 (8), 10002 (14), 10003 (13), 10005 (2), 10006 (1), 10007 (2), 10009 (18)
   10010 (7), 10010 (7), 10011 (15), 10012 (3), 10013 (5), 10014 (10), 10016 (17), 10017 (1)
   10018 (4), 10018 (4), 10019 (13), 10021 (8), 10022 (8), 10023 (19), 10024 (9), 10025 (16), 10026 (9)
   10027 (16), 10027 (16), 10028 (10), 10029 (15), 10030 (9), 10031 (22), 10032 (23), 10033 (10)
   10034 (11), 10034 (11), 10035 (4), 10036 (12), 10037 (5), 10038 (7), 10039 (7), 10040 (14)
   10065 (8), 10065 (8), 10069 (1), 10075 (10), 10128 (15), 10280 (2), 10282 (1), 10301 (17), 10302 (6)
   10303 (13), 10303 (13), 10304 (27), 10305 (21), 10306 (16), 10307 (-4), 10308 (19), 10309 (3)
   10310 (20), 10310 (20), 10312 (7), 10314 (30), 10451 (7), 10452 (12), 10453 (28), 10454 (13)
   10455 (14), 10455 (14), 10456 (26), 10457 (17), 10458 (29), 10459 (16), 10460 (23), 10461 (17)
   10462 (33), 10462 (33), 10463 (26), 10464 (3), 10465 (18), 10466 (17), 10467 (29), 10468 (24)
   10469 (16), 10469 (16), 10470 (7), 10471 (7), 10472 (17), 10473 (14), 10474 (7), 10475 (10)
   11004 (-2), 11004 (-2), 11101 (10), 11102 (10), 11103 (13), 11104 (7), 11105 (3), 11106 (15)
   11109 (1), 11109 (1), 11201 (15), 11203 (12), 11204 (21), 11205 (5), 11206 (36), 11207 (40)
   11208 (32), 11208 (32), 11209 (28), 11210 (21), 11211 (41), 11212 (38), 11213 (22), 11214 (16)
   11215 (15), 11215 (15), 11216 (13), 11217 (11), 11218 (14), 11219 (27), 11220 (22), 11221 (15)
   11222 (9), 11222 (9), 11223 (62), 11224 (16), 11225 (18), 11226 (23), 11228 (17), 11229 (47)
   11230 (44), 11230 (44), 11231 (14), 11232 (7), 11233 (24), 11234 (27), 11235 (44), 11236 (33)
   11237 (20), 11237 (20), 11238 (10), 11239 (11), 11354 (10), 11355 (22), 11356 (7), 11357 (6)
   11358 (3), 11358 (3), 11360 (4), 11361 (7), 11362 (1), 11364 (7), 11365 (13), 11366 (1), 11367 (7)
   11368 (35), 11368 (35), 11369 (15), 11370 (6), 11372 (19), 11373 (32), 11374 (12), 11375 (24)
   11377 (47), 11377 (47), 11378 (12), 11379 (13), 11385 (36), 11411 (3), 11412 (7), 11413 (10)
   11414 (9), 11414 (9), 11415 (3), 11416 (6), 11417 (12), 11418 (16), 11419 (16), 11420 (13)
   11421 (11), 11421 (11), 11422 (6), 11423 (8), 11426 (-6), 11427 (8), 11428 (6), 11429 (4)
   11432 (11), 11432 (11), 11433 (6), 11434 (13), 11435 (24), 11436 (5), 11691 (19), 11692 (2)
   11693 (1), 11693 (1), 11694 (12), 11697 (3)
