Comparison between:
  Old: d:/byzip/newyork/2020-11-15/data-by-modzcta.csv
  New: d:/byzip/newyork/2020-11-16/data-by-modzcta.csv
Headers are the same

Zip codes not changed: 10004, 10005, 10006, 10069, 10280, 10282, 10303, 10309, 10464, 11363
   11364, 11364, 11411, 11428

Zip codes with changes: 10001 (3), 10002 (11), 10003 (7), 10007 (1), 10009 (5), 10010 (4), 10011 (11)
   10012 (3), 10012 (3), 10013 (1), 10014 (4), 10016 (5), 10017 (1), 10018 (2), 10019 (9), 10021 (9)
   10022 (4), 10022 (4), 10023 (6), 10024 (4), 10025 (7), 10026 (3), 10027 (10), 10028 (4), 10029 (14)
   10030 (2), 10030 (2), 10031 (7), 10032 (4), 10033 (6), 10034 (5), 10035 (6), 10036 (4), 10037 (1)
   10038 (5), 10038 (5), 10039 (1), 10040 (11), 10044 (1), 10065 (2), 10075 (1), 10128 (5), 10301 (13)
   10302 (2), 10302 (2), 10304 (10), 10305 (6), 10306 (16), 10307 (5), 10308 (3), 10310 (4), 10312 (18)
   10314 (21), 10314 (21), 10451 (2), 10452 (9), 10453 (15), 10454 (5), 10455 (3), 10456 (10)
   10457 (13), 10457 (13), 10458 (7), 10459 (11), 10460 (7), 10461 (5), 10462 (2), 10463 (9)
   10465 (4), 10465 (4), 10466 (5), 10467 (11), 10468 (8), 10469 (4), 10470 (1), 10471 (3), 10472 (4)
   10473 (3), 10473 (3), 10474 (5), 10475 (2), 11004 (2), 11101 (5), 11102 (4), 11103 (2), 11104 (1)
   11105 (8), 11105 (8), 11106 (3), 11109 (1), 11201 (5), 11203 (3), 11204 (8), 11205 (4), 11206 (8)
   11207 (9), 11207 (9), 11208 (12), 11209 (7), 11210 (8), 11211 (15), 11212 (4), 11213 (6), 11214 (8)
   11215 (8), 11215 (8), 11216 (3), 11217 (3), 11218 (9), 11219 (10), 11220 (9), 11221 (9), 11222 (5)
   11223 (10), 11223 (10), 11224 (7), 11225 (6), 11226 (7), 11228 (10), 11229 (7), 11230 (11)
   11231 (1), 11231 (1), 11232 (3), 11233 (5), 11234 (6), 11235 (8), 11236 (4), 11237 (5), 11238 (5)
   11239 (3), 11239 (3), 11354 (4), 11355 (10), 11356 (2), 11357 (6), 11358 (5), 11360 (2), 11361 (3)
   11362 (1), 11362 (1), 11365 (2), 11366 (5), 11367 (5), 11368 (18), 11369 (4), 11370 (2), 11372 (5)
   11373 (20), 11373 (20), 11374 (6), 11375 (9), 11377 (27), 11378 (5), 11379 (5), 11385 (20)
   11412 (4), 11412 (4), 11413 (2), 11414 (3), 11415 (1), 11416 (3), 11417 (2), 11418 (7), 11419 (6)
   11420 (6), 11420 (6), 11421 (4), 11422 (3), 11423 (1), 11426 (2), 11427 (2), 11429 (5), 11432 (5)
   11433 (5), 11433 (5), 11434 (3), 11435 (7), 11436 (4), 11691 (6), 11692 (3), 11693 (1), 11694 (4)
   11697 (1), 11697 (1)
