Comparison between:
  Old: d:/byzip/newyork/2020-09-17/data-by-modzcta.csv
  New: d:/byzip/newyork/2020-09-18/data-by-modzcta.csv
Headers are the same

Zip codes not changed: 10004, 10006, 10007, 10010, 10011, 10012, 10017, 10022, 10029, 10030
   10035, 10035, 10036, 10038, 10040, 10044, 10069, 10075, 10128, 10280, 10282, 10301, 10303
   10307, 10307, 10309, 10455, 10460, 10464, 10470, 10471, 10475, 11103, 11109, 11209, 11217
   11221, 11221, 11231, 11236, 11237, 11239, 11356, 11361, 11363, 11364, 11366, 11369, 11370
   11421, 11421, 11422, 11423, 11426, 11429, 11435, 11692, 11693, 11694, 11697

Zip codes with changes: 10001 (2), 10002 (1), 10003 (1), 10005 (1), 10009 (2), 10013 (2), 10014 (2)
   10016 (2), 10016 (2), 10018 (1), 10019 (4), 10021 (5), 10023 (4), 10024 (5), 10025 (3), 10026 (3)
   10027 (2), 10027 (2), 10028 (1), 10031 (1), 10032 (2), 10033 (3), 10034 (1), 10037 (2), 10039 (1)
   10065 (2), 10065 (2), 10302 (1), 10304 (1), 10305 (1), 10306 (3), 10308 (3), 10310 (2), 10312 (3)
   10314 (4), 10314 (4), 10451 (3), 10452 (5), 10453 (3), 10454 (1), 10456 (4), 10457 (2), 10458 (7)
   10459 (2), 10459 (2), 10461 (1), 10462 (4), 10463 (1), 10465 (1), 10466 (1), 10467 (4), 10468 (4)
   10469 (1), 10469 (1), 10472 (1), 10473 (3), 10474 (-1), 11004 (1), 11101 (2), 11102 (3), 11104 (1)
   11105 (2), 11105 (2), 11106 (3), 11201 (1), 11203 (3), 11204 (10), 11205 (1), 11206 (6), 11207 (1)
   11208 (3), 11208 (3), 11210 (19), 11211 (7), 11212 (1), 11213 (2), 11214 (5), 11215 (1), 11216 (1)
   11218 (2), 11218 (2), 11219 (2), 11220 (3), 11222 (4), 11223 (19), 11224 (1), 11225 (-1), 11226 (2)
   11228 (3), 11228 (3), 11229 (7), 11230 (20), 11232 (2), 11233 (2), 11234 (4), 11235 (3), 11238 (3)
   11354 (-1), 11354 (-1), 11355 (4), 11357 (1), 11358 (2), 11360 (-1), 11362 (1), 11365 (5)
   11367 (4), 11367 (4), 11368 (2), 11372 (2), 11373 (1), 11374 (3), 11375 (4), 11377 (1), 11378 (1)
   11379 (1), 11379 (1), 11385 (2), 11411 (2), 11412 (1), 11413 (1), 11414 (4), 11415 (1), 11416 (-1)
   11417 (1), 11417 (1), 11418 (1), 11419 (1), 11420 (1), 11427 (1), 11428 (2), 11432 (8), 11433 (2)
   11434 (1), 11434 (1), 11436 (1), 11691 (3)
