Comparison between:
  Old: d:/byzip/newyork/2020-11-08/data-by-modzcta.csv
  New: d:/byzip/newyork/2020-11-09/data-by-modzcta.csv
Headers are the same

Zip codes not changed: 10004, 10005, 10006, 10017, 10035, 10039, 10044, 10280, 10282, 10302
   10310, 10310, 10455, 10460, 10464, 10470, 10471, 11004, 11109, 11205, 11228, 11234, 11239
   11360, 11360, 11361, 11362, 11363, 11365, 11374, 11417, 11426, 11692

Zip codes with changes: 10001 (1), 10002 (2), 10003 (1), 10007 (1), 10009 (4), 10010 (2), 10011 (1)
   10012 (1), 10012 (1), 10013 (1), 10014 (2), 10016 (1), 10018 (1), 10019 (2), 10021 (1), 10022 (4)
   10023 (4), 10023 (4), 10024 (5), 10025 (7), 10026 (1), 10027 (6), 10028 (2), 10029 (5), 10030 (1)
   10031 (2), 10031 (2), 10032 (6), 10033 (5), 10034 (4), 10036 (2), 10037 (1), 10038 (2), 10040 (10)
   10065 (1), 10065 (1), 10069 (3), 10075 (1), 10128 (5), 10301 (4), 10303 (1), 10304 (6), 10305 (3)
   10306 (6), 10306 (6), 10307 (2), 10308 (3), 10309 (1), 10312 (2), 10314 (14), 10451 (4), 10452 (7)
   10453 (8), 10453 (8), 10454 (1), 10456 (6), 10457 (6), 10458 (13), 10459 (2), 10461 (4), 10462 (2)
   10463 (5), 10463 (5), 10465 (1), 10466 (1), 10467 (7), 10468 (4), 10469 (3), 10472 (5), 10473 (3)
   10474 (1), 10474 (1), 10475 (1), 11101 (5), 11102 (3), 11103 (5), 11104 (5), 11105 (8), 11106 (2)
   11201 (1), 11201 (1), 11203 (1), 11204 (6), 11206 (6), 11207 (3), 11208 (6), 11209 (6), 11210 (2)
   11211 (5), 11211 (5), 11212 (3), 11213 (5), 11214 (3), 11215 (1), 11216 (3), 11217 (3), 11218 (3)
   11219 (6), 11219 (6), 11220 (7), 11221 (4), 11222 (3), 11223 (3), 11224 (2), 11225 (1), 11226 (1)
   11229 (3), 11229 (3), 11230 (7), 11231 (2), 11232 (2), 11233 (3), 11235 (3), 11236 (3), 11237 (1)
   11238 (1), 11238 (1), 11354 (1), 11355 (4), 11356 (4), 11357 (3), 11358 (1), 11364 (1), 11366 (3)
   11367 (4), 11367 (4), 11368 (8), 11369 (2), 11370 (1), 11372 (9), 11373 (16), 11375 (3), 11377 (8)
   11378 (3), 11378 (3), 11379 (1), 11385 (4), 11411 (1), 11412 (2), 11413 (1), 11414 (1), 11415 (1)
   11416 (2), 11416 (2), 11418 (3), 11419 (1), 11420 (4), 11421 (2), 11422 (1), 11423 (5), 11427 (3)
   11428 (3), 11428 (3), 11429 (3), 11432 (6), 11433 (2), 11434 (1), 11435 (6), 11436 (2), 11691 (2)
   11693 (3), 11693 (3), 11694 (3), 11697 (2)
