Comparison between:
  Old: d:/byzip/newyork/2021-01-21/data-by-modzcta.csv
  New: d:/byzip/newyork/2021-01-22/data-by-modzcta.csv
Headers are the same

Zip codes not changed: 10069, 10282, 11697

Zip codes with changes: 10001 (10), 10002 (41), 10003 (5), 10004 (1), 10005 (1), 10006 (2), 10007 (3)
   10009 (15), 10009 (15), 10010 (11), 10011 (19), 10012 (7), 10013 (10), 10014 (7), 10016 (22)
   10017 (3), 10017 (3), 10018 (3), 10019 (8), 10021 (12), 10022 (10), 10023 (15), 10024 (20)
   10025 (40), 10025 (40), 10026 (12), 10027 (45), 10028 (23), 10029 (57), 10030 (17), 10031 (31)
   10032 (34), 10032 (34), 10033 (45), 10034 (29), 10035 (15), 10036 (9), 10037 (10), 10038 (13)
   10039 (11), 10039 (11), 10040 (19), 10044 (5), 10065 (2), 10075 (6), 10128 (18), 10280 (2)
   10301 (33), 10301 (33), 10302 (17), 10303 (15), 10304 (44), 10305 (43), 10306 (46), 10307 (13)
   10308 (22), 10308 (22), 10309 (28), 10310 (19), 10312 (53), 10314 (77), 10451 (36), 10452 (53)
   10453 (55), 10453 (55), 10454 (28), 10455 (29), 10456 (57), 10457 (45), 10458 (64), 10459 (39)
   10460 (50), 10460 (50), 10461 (40), 10462 (54), 10463 (36), 10464 (1), 10465 (25), 10466 (59)
   10467 (76), 10467 (76), 10468 (61), 10469 (39), 10470 (14), 10471 (16), 10472 (45), 10473 (41)
   10474 (7), 10474 (7), 10475 (18), 11004 (11), 11101 (12), 11102 (14), 11103 (27), 11104 (9)
   11105 (22), 11105 (22), 11106 (16), 11109 (5), 11201 (18), 11203 (36), 11204 (50), 11205 (30)
   11206 (59), 11206 (59), 11207 (54), 11208 (81), 11209 (28), 11210 (30), 11211 (56), 11212 (59)
   11213 (23), 11213 (23), 11214 (71), 11215 (16), 11216 (17), 11217 (9), 11218 (31), 11219 (50)
   11220 (74), 11220 (74), 11221 (48), 11222 (23), 11223 (46), 11224 (46), 11225 (26), 11226 (59)
   11228 (20), 11228 (20), 11229 (63), 11230 (45), 11231 (7), 11232 (13), 11233 (37), 11234 (59)
   11235 (88), 11235 (88), 11236 (39), 11237 (30), 11238 (15), 11239 (15), 11354 (40), 11355 (69)
   11356 (16), 11356 (16), 11357 (34), 11358 (22), 11360 (6), 11361 (14), 11362 (10), 11363 (2)
   11364 (15), 11364 (15), 11365 (23), 11366 (8), 11367 (12), 11368 (56), 11369 (24), 11370 (16)
   11372 (46), 11372 (46), 11373 (60), 11374 (20), 11375 (26), 11377 (48), 11378 (13), 11379 (22)
   11385 (88), 11385 (88), 11411 (7), 11412 (26), 11413 (12), 11414 (21), 11415 (15), 11416 (11)
   11417 (25), 11417 (25), 11418 (26), 11419 (46), 11420 (54), 11421 (43), 11422 (24), 11423 (21)
   11426 (13), 11426 (13), 11427 (18), 11428 (15), 11429 (24), 11432 (41), 11433 (13), 11434 (37)
   11435 (61), 11435 (61), 11436 (16), 11691 (44), 11692 (14), 11693 (11), 11694 (10)
