Comparison between:
  Old: d:/byzip/newyork/2021-03-08/data-by-modzcta.csv
  New: d:/byzip/newyork/2021-03-09/data-by-modzcta.csv
Headers are the same

Zip codes not changed: 10004, 10006, 10017, 10282, 11697

Zip codes with changes: 10001 (3), 10002 (34), 10003 (8), 10005 (6), 10007 (1), 10009 (23), 10010 (8)
   10011 (7), 10011 (7), 10012 (6), 10013 (6), 10014 (5), 10016 (7), 10018 (1), 10019 (10), 10021 (11)
   10022 (2), 10022 (2), 10023 (13), 10024 (11), 10025 (18), 10026 (20), 10027 (18), 10028 (9)
   10029 (25), 10029 (25), 10030 (12), 10031 (11), 10032 (25), 10033 (13), 10034 (9), 10035 (13)
   10036 (9), 10036 (9), 10037 (7), 10038 (5), 10039 (8), 10040 (14), 10044 (2), 10065 (12), 10069 (3)
   10075 (3), 10075 (3), 10128 (13), 10280 (1), 10301 (26), 10302 (7), 10303 (11), 10304 (18)
   10305 (17), 10305 (17), 10306 (35), 10307 (7), 10308 (12), 10309 (32), 10310 (20), 10312 (34)
   10314 (50), 10314 (50), 10451 (26), 10452 (63), 10453 (50), 10454 (18), 10455 (16), 10456 (30)
   10457 (21), 10457 (21), 10458 (39), 10459 (23), 10460 (33), 10461 (8), 10462 (43), 10463 (16)
   10464 (2), 10464 (2), 10465 (18), 10466 (22), 10467 (41), 10468 (42), 10469 (25), 10470 (5)
   10471 (7), 10471 (7), 10472 (36), 10473 (34), 10474 (5), 10475 (15), 11004 (8), 11101 (7)
   11102 (7), 11102 (7), 11103 (8), 11104 (1), 11105 (12), 11106 (11), 11109 (2), 11201 (13), 11203 (19)
   11204 (22), 11204 (22), 11205 (16), 11206 (35), 11207 (45), 11208 (57), 11209 (22), 11210 (11)
   11211 (44), 11211 (44), 11212 (54), 11213 (20), 11214 (55), 11215 (12), 11216 (21), 11217 (10)
   11218 (24), 11218 (24), 11219 (27), 11220 (37), 11221 (21), 11222 (10), 11223 (62), 11224 (40)
   11225 (14), 11225 (14), 11226 (19), 11228 (15), 11229 (51), 11230 (59), 11231 (10), 11232 (11)
   11233 (30), 11233 (30), 11234 (33), 11235 (57), 11236 (25), 11237 (28), 11238 (14), 11239 (4)
   11354 (23), 11354 (23), 11355 (49), 11356 (12), 11357 (21), 11358 (16), 11360 (4), 11361 (6)
   11362 (5), 11362 (5), 11363 (1), 11364 (15), 11365 (15), 11366 (6), 11367 (16), 11368 (67)
   11369 (14), 11369 (14), 11370 (18), 11372 (18), 11373 (40), 11374 (26), 11375 (21), 11377 (57)
   11378 (17), 11378 (17), 11379 (26), 11385 (69), 11411 (10), 11412 (9), 11413 (11), 11414 (11)
   11415 (9), 11415 (9), 11416 (15), 11417 (24), 11418 (22), 11419 (31), 11420 (26), 11421 (27)
   11422 (13), 11422 (13), 11423 (13), 11426 (14), 11427 (7), 11428 (10), 11429 (11), 11432 (23)
   11433 (11), 11433 (11), 11434 (23), 11435 (18), 11436 (7), 11691 (23), 11692 (6), 11693 (6)
   11694 (8), 11694 (8)
