Comparison between:
  Old: d:/byzip/newyork/2021-03-15/data-by-modzcta.csv
  New: d:/byzip/newyork/2021-03-16/data-by-modzcta.csv
Headers are the same

Zip codes not changed: 10001, 10004, 10019, 10044, 10069, 10075, 11004, 11211, 11217, 11697
   

Zip codes with changes: 10002 (31), 10003 (5), 10005 (4), 10006 (1), 10007 (1), 10009 (10), 10010 (4)
   10011 (6), 10011 (6), 10012 (6), 10013 (10), 10014 (6), 10016 (12), 10017 (2), 10018 (1), 10021 (5)
   10022 (4), 10022 (4), 10023 (11), 10024 (7), 10025 (18), 10026 (7), 10027 (14), 10028 (5)
   10029 (19), 10029 (19), 10030 (5), 10031 (14), 10032 (21), 10033 (21), 10034 (14), 10035 (9)
   10036 (6), 10036 (6), 10037 (3), 10038 (8), 10039 (7), 10040 (9), 10065 (5), 10128 (8), 10280 (2)
   10282 (2), 10282 (2), 10301 (11), 10302 (4), 10303 (10), 10304 (15), 10305 (18), 10306 (40)
   10307 (6), 10307 (6), 10308 (22), 10309 (19), 10310 (4), 10312 (27), 10314 (28), 10451 (22)
   10452 (20), 10452 (20), 10453 (23), 10454 (11), 10455 (9), 10456 (24), 10457 (23), 10458 (43)
   10459 (17), 10459 (17), 10460 (24), 10461 (13), 10462 (30), 10463 (12), 10464 (1), 10465 (19)
   10466 (16), 10466 (16), 10467 (30), 10468 (19), 10469 (16), 10470 (3), 10471 (3), 10472 (30)
   10473 (15), 10473 (15), 10474 (2), 10475 (14), 11101 (13), 11102 (10), 11103 (7), 11104 (17)
   11105 (12), 11105 (12), 11106 (17), 11109 (1), 11201 (6), 11203 (14), 11204 (36), 11205 (10)
   11206 (21), 11206 (21), 11207 (21), 11208 (36), 11209 (13), 11210 (13), 11212 (41), 11213 (21)
   11214 (30), 11214 (30), 11215 (7), 11216 (15), 11218 (24), 11219 (33), 11220 (53), 11221 (21)
   11222 (10), 11222 (10), 11223 (48), 11224 (25), 11225 (11), 11226 (28), 11228 (16), 11229 (33)
   11230 (41), 11230 (41), 11231 (5), 11232 (11), 11233 (4), 11234 (29), 11235 (44), 11236 (28)
   11237 (22), 11237 (22), 11238 (12), 11239 (6), 11354 (28), 11355 (50), 11356 (6), 11357 (19)
   11358 (14), 11358 (14), 11360 (7), 11361 (5), 11362 (7), 11363 (1), 11364 (12), 11365 (25)
   11366 (3), 11366 (3), 11367 (14), 11368 (47), 11369 (13), 11370 (8), 11372 (36), 11373 (34)
   11374 (11), 11374 (11), 11375 (18), 11377 (49), 11378 (16), 11379 (24), 11385 (55), 11411 (2)
   11412 (11), 11412 (11), 11413 (10), 11414 (18), 11415 (3), 11416 (8), 11417 (12), 11418 (27)
   11419 (30), 11419 (30), 11420 (24), 11421 (17), 11422 (8), 11423 (12), 11426 (3), 11427 (6)
   11428 (8), 11428 (8), 11429 (8), 11432 (25), 11433 (20), 11434 (14), 11435 (12), 11436 (11)
   11691 (17), 11691 (17), 11692 (6), 11693 (6), 11694 (5)
