Comparison between:
  Old: d:/byzip/newyork/2020-10-30/data-by-modzcta.csv
  New: d:/byzip/newyork/2020-10-31/data-by-modzcta.csv
Headers are the same

Zip codes not changed: 10001, 10005, 10006, 10014, 10024, 10030, 10069, 10280, 10282, 10310
   10464, 10464, 10470, 11004, 11103, 11109, 11221, 11222, 11232, 11237, 11239, 11360, 11363
   11364, 11364, 11414, 11420, 11433, 11693, 11697

Zip codes with changes: 10002 (4), 10003 (6), 10004 (1), 10007 (1), 10009 (4), 10010 (3), 10011 (4)
   10012 (4), 10012 (4), 10013 (1), 10016 (3), 10017 (2), 10018 (2), 10019 (4), 10021 (2), 10022 (2)
   10023 (5), 10023 (5), 10025 (3), 10026 (2), 10027 (2), 10028 (5), 10029 (3), 10031 (7), 10032 (5)
   10033 (3), 10033 (3), 10034 (4), 10035 (1), 10036 (3), 10037 (1), 10038 (2), 10039 (1), 10040 (1)
   10044 (2), 10044 (2), 10065 (1), 10075 (2), 10128 (8), 10301 (7), 10302 (3), 10303 (2), 10304 (5)
   10305 (5), 10305 (5), 10306 (8), 10307 (2), 10308 (3), 10309 (5), 10312 (14), 10314 (20), 10451 (4)
   10452 (4), 10452 (4), 10453 (11), 10454 (3), 10455 (2), 10456 (2), 10457 (3), 10458 (7), 10459 (4)
   10460 (2), 10460 (2), 10461 (8), 10462 (4), 10463 (10), 10465 (3), 10466 (3), 10467 (5), 10468 (8)
   10469 (4), 10469 (4), 10471 (2), 10472 (1), 10473 (3), 10474 (1), 10475 (1), 11101 (5), 11102 (2)
   11104 (2), 11104 (2), 11105 (2), 11106 (3), 11201 (1), 11203 (3), 11204 (9), 11205 (4), 11206 (6)
   11207 (6), 11207 (6), 11208 (10), 11209 (2), 11210 (3), 11211 (12), 11212 (7), 11213 (-3), 11214 (11)
   11215 (3), 11215 (3), 11216 (2), 11217 (1), 11218 (10), 11219 (12), 11220 (5), 11223 (21), 11224 (4)
   11225 (4), 11225 (4), 11226 (1), 11228 (5), 11229 (3), 11230 (22), 11231 (1), 11233 (3), 11234 (5)
   11235 (9), 11235 (9), 11236 (3), 11238 (3), 11354 (3), 11355 (2), 11356 (1), 11357 (2), 11358 (2)
   11361 (2), 11361 (2), 11362 (1), 11365 (6), 11366 (1), 11367 (6), 11368 (12), 11369 (3), 11370 (6)
   11372 (10), 11372 (10), 11373 (5), 11374 (3), 11375 (3), 11377 (8), 11378 (3), 11379 (5), 11385 (12)
   11411 (1), 11411 (1), 11412 (3), 11413 (7), 11415 (1), 11416 (-1), 11417 (2), 11418 (6), 11419 (2)
   11421 (3), 11421 (3), 11422 (3), 11423 (1), 11426 (2), 11427 (1), 11428 (1), 11429 (2), 11432 (6)
   11434 (5), 11434 (5), 11435 (5), 11436 (2), 11691 (12), 11692 (1), 11694 (6)
