Comparison between:
  Old: d:/byzip/newyork/2021-02-22/data-by-modzcta.csv
  New: d:/byzip/newyork/2021-02-23/data-by-modzcta.csv
Headers are the same

Zip codes not changed: 10006, 10282, 10464

Zip codes with changes: 10001 (3), 10002 (29), 10003 (8), 10004 (1), 10005 (1), 10007 (1), 10009 (21)
   10010 (12), 10010 (12), 10011 (10), 10012 (8), 10013 (5), 10014 (2), 10016 (11), 10017 (6)
   10018 (1), 10018 (1), 10019 (12), 10021 (8), 10022 (4), 10023 (8), 10024 (10), 10025 (21), 10026 (10)
   10027 (15), 10027 (15), 10028 (6), 10029 (24), 10030 (13), 10031 (27), 10032 (20), 10033 (11)
   10034 (23), 10034 (23), 10035 (11), 10036 (11), 10037 (1), 10038 (5), 10039 (11), 10040 (24)
   10044 (1), 10044 (1), 10065 (3), 10069 (1), 10075 (8), 10128 (15), 10280 (5), 10301 (16), 10302 (8)
   10303 (15), 10303 (15), 10304 (16), 10305 (14), 10306 (33), 10307 (6), 10308 (11), 10309 (15)
   10310 (7), 10310 (7), 10312 (18), 10314 (28), 10451 (10), 10452 (40), 10453 (29), 10454 (15)
   10455 (20), 10455 (20), 10456 (33), 10457 (34), 10458 (37), 10459 (13), 10460 (21), 10461 (28)
   10462 (57), 10462 (57), 10463 (23), 10465 (15), 10466 (27), 10467 (48), 10468 (38), 10469 (19)
   10470 (4), 10470 (4), 10471 (7), 10472 (40), 10473 (29), 10474 (3), 10475 (16), 11004 (6)
   11101 (10), 11101 (10), 11102 (15), 11103 (14), 11104 (8), 11105 (16), 11106 (8), 11109 (3)
   11201 (11), 11201 (11), 11203 (11), 11204 (19), 11205 (8), 11206 (27), 11207 (36), 11208 (50)
   11209 (20), 11209 (20), 11210 (26), 11211 (32), 11212 (19), 11213 (23), 11214 (29), 11215 (13)
   11216 (20), 11216 (20), 11217 (21), 11218 (16), 11219 (15), 11220 (36), 11221 (16), 11222 (6)
   11223 (31), 11223 (31), 11224 (10), 11225 (14), 11226 (31), 11228 (16), 11229 (42), 11230 (40)
   11231 (10), 11231 (10), 11232 (7), 11233 (16), 11234 (36), 11235 (44), 11236 (17), 11237 (21)
   11238 (17), 11238 (17), 11239 (9), 11354 (15), 11355 (39), 11356 (6), 11357 (17), 11358 (14)
   11360 (3), 11360 (3), 11361 (8), 11362 (3), 11363 (3), 11364 (7), 11365 (18), 11366 (2), 11367 (15)
   11368 (43), 11368 (43), 11369 (28), 11370 (23), 11372 (27), 11373 (33), 11374 (15), 11375 (23)
   11377 (55), 11377 (55), 11378 (4), 11379 (13), 11385 (29), 11411 (2), 11412 (11), 11413 (16)
   11414 (8), 11414 (8), 11415 (6), 11416 (10), 11417 (20), 11418 (15), 11419 (31), 11420 (20)
   11421 (21), 11421 (21), 11422 (8), 11423 (8), 11426 (9), 11427 (7), 11428 (7), 11429 (17), 11432 (15)
   11433 (12), 11433 (12), 11434 (19), 11435 (38), 11436 (11), 11691 (28), 11692 (9), 11693 (3)
   11694 (4), 11694 (4), 11697 (1)
