Comparison between:
  Old: d:/byzip/newyork/2021-01-31/data-by-modzcta.csv
  New: d:/byzip/newyork/2021-02-01/data-by-modzcta.csv
Headers are the same

Zip codes not changed: 10006, 10303, 11103

Zip codes with changes: 10001 (7), 10002 (19), 10003 (13), 10004 (2), 10005 (7), 10007 (3), 10009 (15)
   10010 (2), 10010 (2), 10011 (5), 10012 (3), 10013 (4), 10014 (11), 10016 (10), 10017 (2), 10018 (2)
   10019 (15), 10019 (15), 10021 (10), 10022 (2), 10023 (11), 10024 (11), 10025 (29), 10026 (10)
   10027 (17), 10027 (17), 10028 (10), 10029 (39), 10030 (4), 10031 (15), 10032 (21), 10033 (16)
   10034 (13), 10034 (13), 10035 (14), 10036 (5), 10037 (8), 10038 (4), 10039 (9), 10040 (14)
   10044 (5), 10044 (5), 10065 (3), 10069 (1), 10075 (6), 10128 (22), 10280 (1), 10282 (1), 10301 (26)
   10302 (5), 10302 (5), 10304 (21), 10305 (16), 10306 (39), 10307 (6), 10308 (18), 10309 (14)
   10310 (9), 10310 (9), 10312 (25), 10314 (36), 10451 (19), 10452 (37), 10453 (54), 10454 (12)
   10455 (24), 10455 (24), 10456 (28), 10457 (30), 10458 (74), 10459 (22), 10460 (17), 10461 (25)
   10462 (18), 10462 (18), 10463 (27), 10464 (2), 10465 (17), 10466 (19), 10467 (61), 10468 (49)
   10469 (26), 10469 (26), 10470 (6), 10471 (18), 10472 (34), 10473 (29), 10474 (8), 10475 (9)
   11004 (4), 11004 (4), 11101 (19), 11102 (14), 11104 (5), 11105 (7), 11106 (19), 11109 (2)
   11201 (19), 11201 (19), 11203 (28), 11204 (34), 11205 (11), 11206 (19), 11207 (45), 11208 (58)
   11209 (13), 11209 (13), 11210 (15), 11211 (39), 11212 (25), 11213 (36), 11214 (51), 11215 (13)
   11216 (13), 11216 (13), 11217 (7), 11218 (18), 11219 (24), 11220 (38), 11221 (35), 11222 (4)
   11223 (33), 11223 (33), 11224 (21), 11225 (23), 11226 (34), 11228 (18), 11229 (37), 11230 (55)
   11231 (10), 11231 (10), 11232 (13), 11233 (43), 11234 (30), 11235 (34), 11236 (32), 11237 (23)
   11238 (12), 11238 (12), 11239 (9), 11354 (28), 11355 (60), 11356 (11), 11357 (15), 11358 (7)
   11360 (4), 11360 (4), 11361 (5), 11362 (3), 11363 (5), 11364 (19), 11365 (8), 11366 (8), 11367 (15)
   11368 (46), 11368 (46), 11369 (14), 11370 (7), 11372 (11), 11373 (46), 11374 (14), 11375 (27)
   11377 (42), 11377 (42), 11378 (13), 11379 (9), 11385 (55), 11411 (4), 11412 (16), 11413 (11)
   11414 (20), 11414 (20), 11415 (5), 11416 (13), 11417 (15), 11418 (17), 11419 (37), 11420 (20)
   11421 (31), 11421 (31), 11422 (7), 11423 (10), 11426 (17), 11427 (11), 11428 (7), 11429 (20)
   11432 (26), 11432 (26), 11433 (16), 11434 (19), 11435 (19), 11436 (7), 11691 (33), 11692 (10)
   11693 (7), 11693 (7), 11694 (16), 11697 (3)
