Comparison between:
  Old: d:/byzip/newyork/2020-10-03/data-by-modzcta.csv
  New: d:/byzip/newyork/2020-10-04/data-by-modzcta.csv
Headers are the same

Zip codes not changed: 10001, 10006, 10007, 10010, 10013, 10019, 10030, 10034, 10035, 10037
   10038, 10038, 10039, 10282, 10306, 10454, 10455, 10464, 10473, 10474, 10475, 11104, 11106
   11212, 11212, 11222, 11224, 11231, 11232, 11239, 11356, 11360, 11361, 11362, 11363, 11370
   11421, 11421, 11422, 11426, 11427, 11693, 11697

Zip codes with changes: 10002 (2), 10003 (4), 10004 (1), 10005 (1), 10009 (1), 10011 (3), 10012 (1)
   10014 (2), 10014 (2), 10016 (4), 10017 (1), 10018 (1), 10021 (1), 10022 (2), 10023 (2), 10024 (2)
   10025 (8), 10025 (8), 10026 (2), 10027 (3), 10028 (4), 10029 (3), 10031 (7), 10032 (6), 10033 (1)
   10036 (1), 10036 (1), 10040 (4), 10044 (1), 10065 (1), 10069 (1), 10075 (1), 10128 (1), 10280 (1)
   10301 (3), 10301 (3), 10302 (1), 10303 (1), 10304 (1), 10305 (1), 10307 (4), 10308 (3), 10309 (3)
   10310 (3), 10310 (3), 10312 (11), 10314 (5), 10451 (3), 10452 (5), 10453 (6), 10456 (3), 10457 (1)
   10458 (4), 10458 (4), 10459 (2), 10460 (1), 10461 (5), 10462 (5), 10463 (6), 10465 (2), 10466 (2)
   10467 (4), 10467 (4), 10468 (4), 10469 (3), 10470 (2), 10471 (1), 10472 (2), 11004 (1), 11101 (1)
   11102 (-1), 11102 (-1), 11103 (5), 11105 (2), 11109 (1), 11201 (1), 11203 (3), 11204 (6), 11205 (2)
   11206 (4), 11206 (4), 11207 (2), 11208 (4), 11209 (6), 11210 (6), 11211 (8), 11213 (4), 11214 (5)
   11215 (3), 11215 (3), 11216 (3), 11217 (4), 11218 (15), 11219 (26), 11220 (6), 11221 (1), 11223 (40)
   11225 (3), 11225 (3), 11226 (6), 11228 (2), 11229 (13), 11230 (42), 11233 (4), 11234 (9), 11235 (11)
   11236 (2), 11236 (2), 11237 (1), 11238 (3), 11354 (2), 11355 (4), 11357 (2), 11358 (-1), 11364 (1)
   11365 (3), 11365 (3), 11366 (2), 11367 (10), 11368 (4), 11369 (3), 11372 (4), 11373 (2), 11374 (4)
   11375 (4), 11375 (4), 11377 (7), 11378 (1), 11379 (3), 11385 (2), 11411 (1), 11412 (1), 11413 (3)
   11414 (1), 11414 (1), 11415 (1), 11416 (1), 11417 (5), 11418 (1), 11419 (1), 11420 (8), 11423 (5)
   11428 (1), 11428 (1), 11429 (1), 11432 (6), 11433 (3), 11434 (1), 11435 (1), 11436 (2), 11691 (13)
   11692 (2), 11692 (2), 11694 (1)
