Comparison between:
  Old: d:/byzip/newyork/2020-12-20/data-by-modzcta.csv
  New: d:/byzip/newyork/2020-12-21/data-by-modzcta.csv
Headers are the same

Zip codes not changed: 10044, 10282, 11109

Zip codes with changes: 10001 (6), 10002 (33), 10003 (20), 10004 (1), 10005 (4), 10006 (1), 10007 (2)
   10009 (9), 10009 (9), 10010 (9), 10011 (5), 10012 (6), 10013 (12), 10014 (7), 10016 (19), 10017 (3)
   10018 (5), 10018 (5), 10019 (8), 10021 (12), 10022 (18), 10023 (7), 10024 (15), 10025 (21)
   10026 (9), 10026 (9), 10027 (5), 10028 (5), 10029 (19), 10030 (8), 10031 (14), 10032 (18), 10033 (21)
   10034 (25), 10034 (25), 10035 (10), 10036 (10), 10037 (3), 10038 (5), 10039 (5), 10040 (25)
   10065 (5), 10065 (5), 10069 (1), 10075 (5), 10128 (18), 10280 (1), 10301 (16), 10302 (6), 10303 (5)
   10304 (19), 10304 (19), 10305 (26), 10306 (33), 10307 (8), 10308 (17), 10309 (26), 10310 (24)
   10312 (31), 10312 (31), 10314 (42), 10451 (15), 10452 (28), 10453 (34), 10454 (16), 10455 (12)
   10456 (30), 10456 (30), 10457 (19), 10458 (30), 10459 (10), 10460 (15), 10461 (10), 10462 (17)
   10463 (13), 10463 (13), 10464 (2), 10465 (9), 10466 (13), 10467 (28), 10468 (33), 10469 (24)
   10470 (4), 10470 (4), 10471 (5), 10472 (13), 10473 (21), 10474 (11), 10475 (6), 11004 (3)
   11101 (10), 11101 (10), 11102 (7), 11103 (10), 11104 (5), 11105 (13), 11106 (8), 11201 (12)
   11203 (23), 11203 (23), 11204 (35), 11205 (6), 11206 (21), 11207 (29), 11208 (37), 11209 (26)
   11210 (18), 11210 (18), 11211 (22), 11212 (21), 11213 (15), 11214 (45), 11215 (15), 11216 (9)
   11217 (8), 11217 (8), 11218 (16), 11219 (30), 11220 (50), 11221 (27), 11222 (8), 11223 (40)
   11224 (12), 11224 (12), 11225 (20), 11226 (30), 11228 (17), 11229 (33), 11230 (29), 11231 (10)
   11232 (13), 11232 (13), 11233 (19), 11234 (35), 11235 (43), 11236 (23), 11237 (13), 11238 (9)
   11239 (5), 11239 (5), 11354 (8), 11355 (25), 11356 (8), 11357 (10), 11358 (8), 11360 (9), 11361 (4)
   11362 (3), 11362 (3), 11363 (1), 11364 (10), 11365 (8), 11366 (6), 11367 (15), 11368 (30), 11369 (21)
   11370 (4), 11370 (4), 11372 (16), 11373 (32), 11374 (15), 11375 (16), 11377 (46), 11378 (2)
   11379 (11), 11379 (11), 11385 (25), 11411 (11), 11412 (7), 11413 (9), 11414 (7), 11415 (2)
   11416 (13), 11416 (13), 11417 (14), 11418 (12), 11419 (29), 11420 (12), 11421 (22), 11422 (8)
   11423 (8), 11423 (8), 11426 (6), 11427 (9), 11428 (7), 11429 (11), 11432 (17), 11433 (9), 11434 (14)
   11435 (22), 11435 (22), 11436 (2), 11691 (29), 11692 (6), 11693 (4), 11694 (6), 11697 (6)
   
