Comparison between:
  Old: d:/byzip/newyork/2020-11-09/data-by-modzcta.csv
  New: d:/byzip/newyork/2020-11-10/data-by-modzcta.csv
Headers are the same

Zip codes not changed: 10004, 10007, 10013, 10017, 10034, 10035, 10044, 10280, 10282, 10464
   11109, 11109, 11361, 11363, 11366, 11422

Zip codes with changes: 10001 (2), 10002 (5), 10003 (5), 10005 (1), 10006 (1), 10009 (5), 10010 (3)
   10011 (7), 10011 (7), 10012 (5), 10014 (3), 10016 (2), 10018 (2), 10019 (2), 10021 (4), 10022 (3)
   10023 (3), 10023 (3), 10024 (4), 10025 (14), 10026 (4), 10027 (4), 10028 (3), 10029 (9), 10030 (4)
   10031 (3), 10031 (3), 10032 (2), 10033 (8), 10036 (5), 10037 (1), 10038 (2), 10039 (2), 10040 (8)
   10065 (1), 10065 (1), 10069 (2), 10075 (8), 10128 (6), 10301 (4), 10302 (2), 10303 (2), 10304 (7)
   10305 (6), 10305 (6), 10306 (24), 10307 (2), 10308 (9), 10309 (5), 10310 (3), 10312 (15), 10314 (13)
   10451 (1), 10451 (1), 10452 (10), 10453 (7), 10454 (7), 10455 (4), 10456 (4), 10457 (8), 10458 (12)
   10459 (12), 10459 (12), 10460 (12), 10461 (6), 10462 (6), 10463 (4), 10465 (5), 10466 (9)
   10467 (10), 10467 (10), 10468 (9), 10469 (-1), 10470 (1), 10471 (3), 10472 (6), 10473 (8)
   10474 (5), 10474 (5), 10475 (1), 11004 (3), 11101 (5), 11102 (5), 11103 (6), 11104 (1), 11105 (7)
   11106 (8), 11106 (8), 11201 (8), 11203 (2), 11204 (11), 11205 (2), 11206 (10), 11207 (8), 11208 (20)
   11209 (5), 11209 (5), 11210 (8), 11211 (18), 11212 (6), 11213 (8), 11214 (5), 11215 (8), 11216 (3)
   11217 (1), 11217 (1), 11218 (16), 11219 (9), 11220 (8), 11221 (9), 11222 (2), 11223 (7), 11224 (6)
   11225 (6), 11225 (6), 11226 (5), 11228 (5), 11229 (6), 11230 (15), 11231 (1), 11232 (4), 11233 (6)
   11234 (11), 11234 (11), 11235 (4), 11236 (3), 11237 (2), 11238 (3), 11239 (3), 11354 (3), 11355 (6)
   11356 (1), 11356 (1), 11357 (6), 11358 (3), 11360 (3), 11362 (1), 11364 (2), 11365 (1), 11367 (4)
   11368 (12), 11368 (12), 11369 (2), 11370 (6), 11372 (13), 11373 (14), 11374 (5), 11375 (6)
   11377 (6), 11377 (6), 11378 (2), 11379 (7), 11385 (12), 11411 (1), 11412 (7), 11413 (6), 11414 (1)
   11415 (2), 11415 (2), 11416 (2), 11417 (2), 11418 (5), 11419 (4), 11420 (10), 11421 (8), 11423 (2)
   11426 (2), 11426 (2), 11427 (6), 11428 (4), 11429 (3), 11432 (11), 11433 (2), 11434 (3), 11435 (5)
   11436 (3), 11436 (3), 11691 (2), 11692 (2), 11693 (2), 11694 (3), 11697 (1)
