Comparison between:
  Old: d:/byzip/newyork/2020-10-13/data-by-modzcta.csv
  New: d:/byzip/newyork/2020-10-14/data-by-modzcta.csv
Headers are the same
Old file does not have a record for zip 11096. New does.

Zip codes not changed: 10004, 10006, 10007, 10012, 10017, 10018, 10026, 10032, 10044, 10069
   10075, 10075, 10280, 10282, 10303, 10307, 10308, 10310, 10454, 10455, 10458, 10461, 10464
   10470, 10470, 10475, 11103, 11105, 11106, 11109, 11213, 11231, 11239, 11362, 11363, 11373
   11413, 11413, 11418, 11420, 11422, 11428, 11692, 11694, 11697

Zip codes with changes: 10001 (1), 10002 (4), 10003 (4), 10005 (2), 10009 (3), 10010 (1), 10011 (1)
   10013 (1), 10013 (1), 10014 (1), 10016 (2), 10019 (4), 10021 (3), 10022 (1), 10023 (1), 10024 (1)
   10025 (1), 10025 (1), 10027 (2), 10028 (1), 10029 (2), 10030 (3), 10031 (7), 10033 (9), 10034 (2)
   10035 (1), 10035 (1), 10036 (2), 10037 (2), 10038 (2), 10039 (3), 10040 (3), 10065 (1), 10128 (4)
   10301 (2), 10301 (2), 10302 (-1), 10304 (5), 10305 (3), 10306 (4), 10309 (4), 10312 (3), 10314 (4)
   10451 (4), 10451 (4), 10452 (4), 10453 (2), 10456 (2), 10457 (2), 10459 (2), 10460 (1), 10462 (2)
   10463 (2), 10463 (2), 10465 (7), 10466 (2), 10467 (7), 10468 (2), 10469 (4), 10471 (2), 10472 (6)
   10473 (5), 10473 (5), 10474 (1), 11004 (1), 11101 (2), 11102 (4), 11104 (2), 11201 (2), 11203 (3)
   11204 (13), 11204 (13), 11205 (4), 11206 (1), 11207 (4), 11208 (5), 11209 (9), 11210 (6), 11211 (9)
   11212 (6), 11212 (6), 11214 (6), 11215 (4), 11216 (5), 11217 (3), 11218 (7), 11219 (11), 11220 (5)
   11221 (6), 11221 (6), 11222 (2), 11223 (11), 11224 (5), 11225 (2), 11226 (2), 11228 (4), 11229 (18)
   11230 (18), 11230 (18), 11232 (1), 11233 (7), 11234 (4), 11235 (12), 11236 (4), 11237 (2)
   11238 (6), 11238 (6), 11354 (1), 11355 (4), 11356 (3), 11357 (3), 11358 (5), 11360 (3), 11361 (1)
   11364 (6), 11364 (6), 11365 (2), 11366 (2), 11367 (2), 11368 (3), 11369 (2), 11370 (3), 11372 (7)
   11374 (4), 11374 (4), 11375 (3), 11377 (8), 11378 (1), 11379 (4), 11385 (11), 11411 (1), 11412 (3)
   11414 (4), 11414 (4), 11415 (2), 11416 (10), 11417 (1), 11419 (1), 11421 (3), 11423 (5), 11426 (2)
   11427 (3), 11427 (3), 11429 (3), 11432 (1), 11433 (3), 11434 (3), 11435 (5), 11436 (1), 11691 (10)
   11693 (1), 11693 (1)
